Interval,WinningChance,DrawingChance,LosingChance,TotalGames
"(-∞, -20.05]",0.10752688172043011,3.064516129032258,96.82795698924731,489.0
"(-20.05, -19.95]",0.10752688172043011,3.064516129032258,96.82795698924731,3720.0
"(-19.95, -19.85]",0.11436852612493068,3.0561105622940388,96.82952091158103,0.0
"(-19.85, -19.75]",0.12121017052943099,3.0477049955558195,96.83108483391474,0.0
"(-19.75, -19.65]",0.12805181493393156,3.0392994288176003,96.83264875624847,0.0
"(-19.65, -19.55]",0.1348934593384321,3.030893862079381,96.83421267858219,0.0
"(-19.55, -19.45]",0.14173510374293244,3.022488295341162,96.8357766009159,0.0
"(-19.45, -19.35]",0.148576748147433,3.0140827286029426,96.83734052324962,0.0
"(-19.35, -19.25]",0.15541839255193332,3.005677161864724,96.83890444558334,0.0
"(-19.25, -19.15]",0.16226003695643387,2.997271595126504,96.84046836791705,0.0
"(-19.15, -19.05]",0.16910168136093445,2.988866028388285,96.84203229025078,0.0
"(-19.05, -18.95]",0.17594332576543475,2.980460461650066,96.8435962125845,0.0
"(-18.95, -18.85]",0.18278497016993533,2.972054894911847,96.84516013491822,0.0
"(-18.85, -18.75]",0.18962661457443564,2.9636493281736276,96.84672405725193,0.0
"(-18.75, -18.65]",0.19646825897893622,2.9552437614354083,96.84828797958565,0.0
"(-18.65, -18.55]",0.20330990338343674,2.946838194697189,96.84985190191938,0.0
"(-18.55, -18.45]",0.2101515477879371,2.93843262795897,96.8514158242531,0.0
"(-18.45, -18.35]",0.21699319219243762,2.9300270612207506,96.85297974658681,0.0
"(-18.35, -18.25]",0.22383483659693795,2.9216214944825314,96.85454366892053,0.0
"(-18.25, -18.15]",0.2306764810014385,2.913215927744312,96.85610759125424,0.0
"(-18.15, -18.05]",0.23751812540593908,2.904810361006093,96.85767151358797,0.0
"(-18.05, -17.95]",0.2443597698104394,2.8964047942678737,96.85923543592169,0.0
"(-17.95, -17.85]",0.25120141421493997,2.8879992275296544,96.8607993582554,0.0
"(-17.85, -17.75]",0.25804305861944027,2.8795936607914356,96.86236328058912,1.0
"(-17.75, -17.65]",0.26488470302394085,2.871188094053216,96.86392720292284,0.0
"(-17.65, -17.55]",0.27172634742844143,2.8627825273149967,96.86549112525655,1.0
"(-17.55, -17.45]",0.27856799183294173,2.854376960576778,96.86705504759028,0.0
"(-17.45, -17.35]",0.2854096362374423,2.8459713938385587,96.868618969924,0.0
"(-17.35, -17.25]",0.2922512806419426,2.8375658271003394,96.87018289225772,0.0
"(-17.25, -17.15]",0.2990929250464432,2.82916026036212,96.87174681459143,0.0
"(-17.15, -17.05]",0.3059345694509437,2.820754693623901,96.87331073692515,0.0
"(-17.05, -16.95]",0.3127762138554441,2.8123491268856817,96.87487465925888,1.0
"(-16.95, -16.85]",0.3196178582599446,2.8039435601474625,96.8764385815926,0.0
"(-16.85, -16.75]",0.3264595026644449,2.7955379934092432,96.87800250392631,0.0
"(-16.75, -16.65]",0.3333011470689455,2.787132426671024,96.87956642626003,0.0
"(-16.65, -16.55]",0.34014279147344606,2.7787268599328048,96.88113034859374,1.0
"(-16.55, -16.45]",0.34698443587794636,2.7703212931945855,96.88269427092747,1.0
"(-16.45, -16.35]",0.35382608028244694,2.7619157264563663,96.88425819326119,0.0
"(-16.35, -16.25]",0.36066772468694724,2.7535101597181475,96.8858221155949,0.0
"(-16.25, -16.15]",0.3675093690914478,2.745104592979928,96.88738603792862,2.0
"(-16.15, -16.05]",0.3743510134959484,2.7366990262417086,96.88894996026234,1.0
"(-16.05, -15.95]",0.3811926579004487,2.72829345950349,96.89051388259605,1.0
"(-15.95, -15.85]",0.3880343023049493,2.7198878927652705,96.89207780492978,2.0
"(-15.85, -15.75]",0.3948759467094497,2.7114823260270513,96.8936417272635,2.0
"(-15.75, -15.65]",0.40171759111395017,2.703076759288832,96.89520564959722,3.0
"(-15.65, -15.55]",0.4085592355184506,2.694671192550613,96.89676957193093,4.0
"(-15.55, -15.45]",0.41540087992295105,2.6862656258123936,96.89833349426465,3.0
"(-15.45, -15.35]",0.4222425243274516,2.6778600590741743,96.89989741659838,2.0
"(-15.35, -15.25]",0.42908416873195204,2.669454492335955,96.9014613389321,2.0
"(-15.25, -15.15]",0.43592581313645246,2.661048925597736,96.90302526126581,5.0
"(-15.15, -15.05]",0.4427674575409529,2.6526433588595166,96.90458918359953,0.0
"(-15.05, -14.95]",0.44960910194545334,2.644237792121298,96.90615310593324,2.0
"(-14.95, -14.85]",0.4564507463499539,2.635832225383078,96.90771702826696,1.0
"(-14.85, -14.75]",0.46329239075445433,2.627426658644859,96.90928095060069,3.0
"(-14.75, -14.65]",0.4701340351589548,2.6190210919066397,96.9108448729344,1.0
"(-14.65, -14.55]",0.4769756795634552,2.610615525168421,96.91240879526812,3.0
"(-14.55, -14.45]",0.4838173239679557,2.6022099584302016,96.91397271760184,7.0
"(-14.45, -14.35]",0.49065896837245626,2.5938043916919824,96.91553663993555,5.0
"(-14.35, -14.25]",0.4975006127769567,2.585398824953763,96.91710056226928,4.0
"(-14.25, -14.15]",0.5043422571814571,2.576993258215544,96.918664484603,6.0
"(-14.15, -14.05]",0.5111839015859575,2.5685876914773247,96.92022840693672,4.0
"(-14.05, -13.95]",0.518025545990458,2.5601821247391054,96.92179232927043,6.0
"(-13.95, -13.85]",0.5248671903949585,2.551776558000886,96.92335625160415,6.0
"(-13.85, -13.75]",0.531708834799459,2.543370991262667,96.92492017393788,4.0
"(-13.75, -13.65]",0.5385504792039594,2.5349654245244477,96.9264840962716,5.0
"(-13.65, -13.55]",0.5453921236084599,2.5265598577862285,96.92804801860531,3.0
"(-13.55, -13.45]",0.5522337680129603,2.5181542910480097,96.92961194093903,9.0
"(-13.45, -13.35]",0.5590754124174608,2.50974872430979,96.93117586327274,9.0
"(-13.35, -13.25]",0.5659170568219613,2.501343157571571,96.93273978560646,9.0
"(-13.25, -13.15]",0.5727587012264618,2.4929375908333515,96.93430370794019,19.0
"(-13.15, -13.05]",0.5796003456309622,2.4845320240951327,96.9358676302739,12.0
"(-13.05, -12.95]",0.5864419900354626,2.4761264573569135,96.93743155260762,16.0
"(-12.95, -12.85]",0.5932836344399631,2.4677208906186943,96.93899547494134,20.0
"(-12.85, -12.75]",0.6001252788444636,2.459315323880475,96.94055939727505,14.0
"(-12.75, -12.65]",0.6069669232489641,2.450909757142256,96.94212331960878,22.0
"(-12.65, -12.55]",0.6138085676534645,2.4425041904040365,96.9436872419425,11.0
"(-12.55, -12.45]",0.620650212057965,2.4340986236658173,96.94525116427621,23.0
"(-12.45, -12.35]",0.6274918564624655,2.425693056927598,96.94681508660993,14.0
"(-12.35, -12.25]",0.6343335008669659,2.417287490189379,96.94837900894365,19.0
"(-12.25, -12.15]",0.6411751452714665,2.4088819234511596,96.94994293127738,24.0
"(-12.15, -12.05]",0.6480167896759669,2.4004763567129404,96.9515068536111,21.0
"(-12.05, -11.95]",0.6548584340804673,2.3920707899747216,96.95307077594481,11.0
"(-11.95, -11.85]",0.6617000784849678,2.383665223236502,96.95463469827853,14.0
"(-11.85, -11.75]",0.6685417228894683,2.375259656498283,96.95619862061224,26.0
"(-11.75, -11.65]",0.6753833672939688,2.3668540897600634,96.95776254294596,22.0
"(-11.65, -11.55]",0.6822250116984692,2.3584485230218446,96.95932646527969,21.0
"(-11.55, -11.45]",0.6890666561029696,2.3500429562836254,96.9608903876134,16.0
"(-11.45, -11.35]",0.6959083005074702,2.341637389545406,96.96245430994712,21.0
"(-11.35, -11.25]",0.7027499449119706,2.333231822807187,96.96401823228084,17.0
"(-11.25, -11.15]",0.709591589316471,2.3248262560689676,96.96558215461455,12.0
"(-11.15, -11.05]",0.7164332337209715,2.3164206893307484,96.96714607694828,23.0
"(-11.05, -10.95]",0.723274878125472,2.308015122592529,96.968709999282,17.0
"(-10.95, -10.85]",0.7301165225299725,2.29960955585431,96.97027392161571,21.0
"(-10.85, -10.75]",0.7369581669344729,2.2912039891160907,96.97183784394943,25.0
"(-10.75, -10.65]",0.7437998113389733,2.2827984223778715,96.97340176628315,35.0
"(-10.65, -10.55]",0.7506414557434739,2.274392855639652,96.97496568861686,26.0
"(-10.55, -10.45]",0.7574831001479743,2.2659872889014334,96.97652961095059,31.0
"(-10.45, -10.35]",0.7643247445524748,2.2575817221632137,96.97809353328431,22.0
"(-10.35, -10.25]",0.7711663889569753,2.249176155424995,96.97965745561802,20.0
"(-10.25, -10.15]",0.7780080333614757,2.2407705886867753,96.98122137795174,17.0
"(-10.15, -10.05]",0.7848496777659761,2.2323650219485565,96.98278530028546,23.0
"(-10.05, -9.95]",0.7916913221704766,2.223959455210337,96.98434922261919,21.0
"(-9.95, -9.85]",0.7985329665749772,2.215553888472118,96.9859131449529,26.0
"(-9.85, -9.75]",0.8053746109794776,2.2071483217338987,96.98747706728662,24.0
"(-9.75, -9.65]",0.812216255383978,2.1987427549956795,96.98904098962034,23.0
"(-9.65, -9.55]",0.8190578997884784,2.1903371882574603,96.99060491195405,20.0
"(-9.55, -9.45]",0.825899544192979,2.181931621519241,96.99216883428778,22.0
"(-9.45, -9.35]",0.8327411885974795,2.173526054781022,96.9937327566215,19.0
"(-9.35, -9.25]",0.8395828330019799,2.1651204880428025,96.99529667895521,22.0
"(-9.25, -9.15]",0.8464244774064803,2.1567149213045833,96.99686060128893,23.0
"(-9.15, -9.05]",0.8532661218109808,2.148309354566364,96.99842452362265,25.0
"(-9.05, -8.95]",0.8601077662154812,2.1399037878281453,96.99998844595636,20.0
"(-8.95, -8.85]",0.8669494106199818,2.1314982210899256,97.00155236829009,31.0
"(-8.85, -8.75]",0.8737910550244822,2.123092654351707,97.00311629062381,25.0
"(-8.75, -8.65]",0.8806326994289827,2.1146870876134876,97.00468021295752,35.0
"(-8.65, -8.55]",0.8874743438334831,2.1062815208752683,97.00624413529124,33.0
"(-8.55, -8.45]",0.8943159882379835,2.097875954137049,97.00780805762496,35.0
"(-8.45, -8.35]",0.9011576326424842,2.08947038739883,97.00937197995869,38.0
"(-8.35, -8.25]",0.9079992770469846,2.0810648206606106,97.0109359022924,53.0
"(-8.25, -8.15]",0.914840921451485,2.0726592539223914,97.01249982462612,59.0
"(-8.15, -8.05]",0.9216825658559854,2.064253687184172,97.01406374695983,60.0
"(-8.05, -7.95]",0.9285242102604859,2.055848120445953,97.01562766929355,91.0
"(-7.95, -7.85]",0.9353658546649865,2.0474425537077336,97.01719159162728,58.0
"(-7.85, -7.75]",0.9422074990694869,2.0390369869695144,97.018755513961,78.0
"(-7.75, -7.65]",0.9490491434739873,2.0306314202312956,97.02031943629471,65.0
"(-7.65, -7.55]",0.9558907878784878,2.022225853493076,97.02188335862843,78.0
"(-7.55, -7.45]",0.9627324322829882,2.013820286754857,97.02344728096215,78.0
"(-7.45, -7.35]",0.9695740766874887,2.0054147200166375,97.02501120329586,72.0
"(-7.35, -7.25]",0.9764157210919892,1.9970091532784184,97.02657512562959,92.0
"(-7.25, -7.15]",0.9832573654964897,1.9886035865401992,97.02813904796331,96.0
"(-7.15, -7.05]",0.9900990099009901,1.9801980198019802,97.02970297029702,101.0
"(-7.05, -6.95]",3.669724770642202,8.256880733944955,88.07339449541286,109.0
"(-6.95, -6.85]",1.4388489208633095,7.913669064748201,90.64748201438849,139.0
"(-6.85, -6.75]",2.7027027027027026,12.162162162162163,85.13513513513513,148.0
"(-6.75, -6.65]",0.0,6.145251396648044,93.85474860335195,179.0
"(-6.65, -6.55]",0.0,3.592814371257485,96.40718562874252,167.0
"(-6.55, -6.45]",0.0,3.5294117647058822,96.47058823529412,170.0
"(-6.45, -6.35]",0.0,5.555555555555555,94.44444444444444,162.0
"(-6.35, -6.25]",0.5319148936170213,9.042553191489363,90.42553191489363,188.0
"(-6.25, -6.15]",0.0,2.631578947368421,97.36842105263158,152.0
"(-6.15, -6.05]",0.0,9.770114942528735,90.22988505747126,174.0
"(-6.05, -5.95]",2.6455026455026456,3.7037037037037033,93.65079365079364,189.0
"(-5.95, -5.85]",0.904977375565611,3.619909502262444,95.47511312217195,221.0
"(-5.85, -5.75]",1.25,3.75,95.0,240.0
"(-5.75, -5.65]",1.2903225806451613,4.516129032258064,94.19354838709677,310.0
"(-5.65, -5.55]",0.8982035928143712,6.287425149700598,92.81437125748504,334.0
"(-5.55, -5.45]",0.8403361344537815,7.8431372549019605,91.31652661064426,357.0
"(-5.45, -5.35]",0.0,5.527638190954774,94.47236180904522,398.0
"(-5.35, -5.25]",1.2953367875647668,6.476683937823833,92.2279792746114,386.0
"(-5.25, -5.15]",1.0610079575596816,5.835543766578249,93.10344827586206,377.0
"(-5.15, -5.05]",1.0554089709762533,5.804749340369393,93.13984168865436,379.0
"(-5.05, -4.95]",0.5305039787798408,7.161803713527852,92.3076923076923,377.0
"(-4.95, -4.85]",1.4563106796116505,8.25242718446602,90.29126213592234,412.0
"(-4.85, -4.75]",2.295918367346939,8.928571428571429,88.77551020408163,392.0
"(-4.75, -4.65]",1.2048192771084338,9.939759036144578,88.85542168674698,332.0
"(-4.65, -4.55]",1.5151515151515151,7.575757575757576,90.9090909090909,264.0
"(-4.55, -4.45]",2.0242914979757085,8.097165991902834,89.87854251012146,247.0
"(-4.45, -4.35]",1.968503937007874,10.62992125984252,87.4015748031496,254.0
"(-4.35, -4.25]",3.1413612565445024,9.424083769633508,87.43455497382199,191.0
"(-4.25, -4.15]",1.5873015873015872,11.64021164021164,86.77248677248677,189.0
"(-4.15, -4.05]",4.761904761904762,11.64021164021164,83.5978835978836,189.0
"(-4.05, -3.95]",5.027932960893855,8.938547486033519,86.03351955307262,179.0
"(-3.95, -3.85]",2.2988505747126435,9.770114942528735,87.93103448275862,174.0
"(-3.85, -3.75]",4.519774011299435,19.2090395480226,76.27118644067797,177.0
"(-3.75, -3.65]",5.47945205479452,15.753424657534246,78.76712328767124,146.0
"(-3.65, -3.55]",2.547770700636943,12.738853503184714,84.71337579617835,157.0
"(-3.55, -3.45]",3.64963503649635,10.218978102189782,86.13138686131386,137.0
"(-3.45, -3.35]",1.7241379310344827,18.39080459770115,79.88505747126436,174.0
"(-3.35, -3.25]",1.5625,19.791666666666664,78.64583333333334,192.0
"(-3.25, -3.15]",2.824858757062147,15.819209039548024,81.35593220338984,177.0
"(-3.15, -3.05]",2.2598870056497176,15.254237288135593,82.48587570621469,177.0
"(-3.05, -2.95]",4.324324324324325,21.08108108108108,74.5945945945946,185.0
"(-2.95, -2.85]",1.1560693641618496,22.54335260115607,76.30057803468208,173.0
"(-2.85, -2.75]",7.6923076923076925,21.53846153846154,70.76923076923077,195.0
"(-2.75, -2.65]",4.191616766467066,19.760479041916167,76.04790419161677,167.0
"(-2.65, -2.55]",5.263157894736842,30.994152046783626,63.74269005847953,171.0
"(-2.55, -2.45]",4.225352112676056,26.76056338028169,69.01408450704226,142.0
"(-2.45, -2.35]",4.635761589403973,16.55629139072848,78.80794701986756,151.0
"(-2.35, -2.25]",4.316546762589928,20.863309352517987,74.82014388489209,139.0
"(-2.25, -2.15]",1.935483870967742,21.935483870967744,76.12903225806451,155.0
"(-2.15, -2.05]",3.4682080924855487,25.43352601156069,71.09826589595376,173.0
"(-2.05, -1.95]",2.6490066225165565,27.81456953642384,69.5364238410596,151.0
"(-1.95, -1.85]",5.228758169934641,30.065359477124183,64.70588235294117,153.0
"(-1.85, -1.75]",2.9629629629629632,20.0,77.03703703703704,135.0
"(-1.75, -1.65]",5.517241379310345,42.06896551724138,52.41379310344828,145.0
"(-1.65, -1.55]",5.785123966942149,36.36363636363637,57.85123966942148,121.0
"(-1.55, -1.45]",5.839416058394161,41.605839416058394,52.55474452554745,137.0
"(-1.45, -1.35]",4.895104895104895,48.25174825174825,46.85314685314685,143.0
"(-1.35, -1.25]",6.722689075630252,43.69747899159664,49.57983193277311,119.0
"(-1.25, -1.15]",5.840683380790333,47.88179734703799,46.27751927217168,99.0
"(-1.15, -1.05]",4.958677685950414,52.066115702479344,42.97520661157025,121.0
"(-1.05, -0.95]",4.3478260869565215,45.21739130434783,50.43478260869565,115.0
"(-0.95, -0.85]",8.19672131147541,53.278688524590166,38.52459016393443,122.0
"(-0.85, -0.75]",7.4074074074074066,51.85185185185185,40.74074074074074,135.0
"(-0.75, -0.65]",9.25925925925926,34.25925925925926,56.481481481481474,108.0
"(-0.65, -0.55]",10.429447852760736,41.104294478527606,48.466257668711656,163.0
"(-0.55, -0.45]",5.017921146953405,47.31182795698925,47.67025089605735,279.0
"(-0.45, -0.35]",2.987012987012987,61.948051948051955,35.064935064935064,770.0
"(-0.35, -0.25]",2.983219390926041,70.16780609073959,26.848974518334366,1609.0
"(-0.25, -0.15]",2.959262106072252,70.36894696387395,26.671790930053806,2602.0
"(-0.15, -0.05]",4.571428571428571,72.36363636363636,23.064935064935067,3850.0
"(-0.05, 0.05]",8.453103056742464,83.0848298323722,8.46206711088535,33467.0
"(0.05, 0.15]",20.92893116955792,74.98601007274762,4.08505875769446,3574.0
"(0.15, 0.25]",24.41000352236703,72.27897146882705,3.3110250088059177,2839.0
"(0.25, 0.35]",25.084364454443193,71.42857142857143,3.487064116985377,1778.0
"(0.35, 0.45]",31.69107856191744,65.24633821571238,3.062583222370173,751.0
"(0.45, 0.55]",44.80874316939891,52.732240437158474,2.459016393442623,366.0
"(0.55, 0.65]",42.78606965174129,50.74626865671642,6.467661691542288,201.0
"(0.65, 0.75]",46.93877551020408,47.44897959183674,5.612244897959184,196.0
"(0.75, 0.85]",35.064935064935064,59.09090909090909,5.844155844155844,154.0
"(0.85, 0.95]",52.84552845528455,43.90243902439025,3.2520325203252036,123.0
"(0.95, 1.05]",52.5,42.5,5.0,120.0
"(1.05, 1.15]",50.0,45.0,5.0,120.0
"(1.15, 1.25]",42.45283018867924,55.660377358490564,1.8867924528301887,106.0
"(1.25, 1.35]",42.63565891472868,55.03875968992248,2.3255813953488373,129.0
"(1.35, 1.45]",49.152542372881356,50.0,0.847457627118644,118.0
"(1.45, 1.55]",51.26050420168067,43.69747899159664,5.042016806722689,119.0
"(1.55, 1.65]",57.14285714285714,36.84210526315789,6.015037593984962,133.0
"(1.65, 1.75]",65.44117647058823,30.14705882352941,4.411764705882353,136.0
"(1.75, 1.85]",58.333333333333336,37.17948717948718,4.487179487179487,156.0
"(1.85, 1.95]",61.34020618556701,37.11340206185567,1.5463917525773196,194.0
"(1.95, 2.05]",66.66666666666666,30.434782608695656,2.898550724637681,207.0
"(2.05, 2.15]",74.86033519553072,24.022346368715084,1.1173184357541899,179.0
"(2.15, 2.25]",69.74358974358974,27.17948717948718,3.076923076923077,195.0
"(2.25, 2.35]",70.6896551724138,28.160919540229884,1.1494252873563218,174.0
"(2.35, 2.45]",70.2020202020202,24.747474747474747,5.05050505050505,198.0
"(2.45, 2.55]",73.51351351351352,24.864864864864867,1.6216216216216217,185.0
"(2.55, 2.65]",79.79274611398964,18.134715025906736,2.072538860103627,193.0
"(2.65, 2.75]",81.18279569892472,17.741935483870968,1.0752688172043012,186.0
"(2.75, 2.85]",80.52631578947368,16.315789473684212,3.1578947368421053,190.0
"(2.85, 2.95]",68.55670103092784,28.865979381443296,2.5773195876288657,194.0
"(2.95, 3.05]",73.62637362637363,20.32967032967033,6.043956043956044,182.0
"(3.05, 3.15]",79.59183673469387,17.006802721088434,3.4013605442176873,147.0
"(3.15, 3.25]",80.58823529411765,17.647058823529413,1.7647058823529411,170.0
"(3.25, 3.35]",78.80184331797236,20.737327188940093,0.4608294930875576,217.0
"(3.35, 3.45]",78.5,20.5,1.0,200.0
"(3.45, 3.55]",82.05128205128204,15.384615384615385,2.564102564102564,195.0
"(3.55, 3.65]",84.91620111731844,14.52513966480447,0.5586592178770949,179.0
"(3.65, 3.75]",83.60655737704919,11.475409836065573,4.918032786885246,183.0
"(3.75, 3.85]",81.53846153846153,17.435897435897434,1.0256410256410255,195.0
"(3.85, 3.95]",84.97409326424871,14.507772020725387,0.5181347150259068,193.0
"(3.95, 4.05]",81.63265306122449,15.306122448979592,3.061224489795918,196.0
"(4.05, 4.15]",83.33333333333334,13.978494623655912,2.6881720430107525,186.0
"(4.15, 4.25]",82.90155440414507,12.953367875647666,4.145077720207254,193.0
"(4.25, 4.35]",83.11688311688312,13.852813852813853,3.0303030303030303,231.0
"(4.35, 4.45]",85.17110266159695,12.167300380228136,2.6615969581749046,263.0
"(4.45, 4.55]",90.81632653061224,8.503401360544217,0.6802721088435374,294.0
"(4.55, 4.65]",90.6344410876133,8.459214501510575,0.906344410876133,331.0
"(4.65, 4.75]",90.23668639053254,7.100591715976331,2.6627218934911245,338.0
"(4.75, 4.85]",89.87341772151899,8.354430379746836,1.7721518987341773,395.0
"(4.85, 4.95]",86.16504854368931,10.922330097087379,2.912621359223301,412.0
"(4.95, 5.05]",88.33333333333333,10.555555555555555,1.1111111111111112,360.0
"(5.05, 5.15]",85.51136363636364,11.363636363636363,3.125,352.0
"(5.15, 5.25]",89.8989898989899,6.565656565656567,3.535353535353535,396.0
"(5.25, 5.35]",91.98113207547169,6.839622641509433,1.179245283018868,424.0
"(5.35, 5.45]",89.0,9.5,1.5,400.0
"(5.45, 5.55]",92.1259842519685,6.299212598425196,1.574803149606299,381.0
"(5.55, 5.65]",91.91374663072777,7.008086253369273,1.078167115902965,371.0
"(5.65, 5.75]",94.11764705882352,3.9215686274509802,1.9607843137254901,255.0
"(5.75, 5.85]",88.51063829787233,9.361702127659575,2.127659574468085,235.0
"(5.85, 5.95]",91.4798206278027,5.381165919282512,3.1390134529147984,223.0
"(5.95, 6.05]",89.6103896103896,8.441558441558442,1.948051948051948,154.0
"(6.05, 6.15]",92.12121212121212,5.454545454545454,2.4242424242424243,165.0
"(6.15, 6.25]",93.75,3.977272727272727,2.272727272727273,176.0
"(6.25, 6.35]",93.58288770053476,5.347593582887701,1.06951871657754,187.0
"(6.35, 6.45]",88.94009216589862,11.059907834101383,0.0,217.0
"(6.45, 6.55]",90.68627450980392,8.823529411764707,0.49019607843137253,204.0
"(6.55, 6.65]",92.71844660194175,5.339805825242718,1.9417475728155338,206.0
"(6.65, 6.75]",91.875,8.125,0.0,160.0
"(6.75, 6.85]",94.88636363636364,4.545454545454546,0.5681818181818182,176.0
"(6.85, 6.95]",95.48872180451127,3.7593984962406015,0.7518796992481203,133.0
"(6.95, 7.05]",98.4375,1.5625,0.0,128.0
"(7.05, 7.15]",94.16666666666667,4.166666666666666,1.6666666666666667,120.0
"(7.15, 7.25]",97.02970297029702,2.9702970297029703,0.0,101.0
"(7.25, 7.35]",96.22641509433963,2.8301886792452833,0.9433962264150944,106.0
"(7.35, 7.45]",96.21907416955789,2.8429441060011302,0.9379817244409859,70.0
"(7.45, 7.55]",96.21173324477616,2.855699532756977,0.9325672224668775,70.0
"(7.55, 7.65]",96.20439231999441,2.868454959512824,0.9271527204927691,93.0
"(7.65, 7.75]",96.19705139521267,2.881210386268671,0.9217382185186607,76.0
"(7.75, 7.85]",96.18971047043094,2.893965813024518,0.9163237165445522,95.0
"(7.85, 7.95]",96.1823695456492,2.906721239780365,0.9109092145704438,76.0
"(7.95, 8.05]",96.17502862086745,2.9194766665362124,0.9054947125963354,80.0
"(8.05, 8.15]",96.16768769608572,2.9322320932920594,0.900080210622227,71.0
"(8.15, 8.25]",96.16034677130398,2.9449875200479063,0.8946657086481186,68.0
"(8.25, 8.35]",96.15300584652225,2.9577429468037533,0.8892512066740101,58.0
"(8.35, 8.45]",96.1456649217405,2.9704983735596002,0.8838367046999017,49.0
"(8.45, 8.55]",96.13832399695876,2.983253800315447,0.8784222027257933,50.0
"(8.55, 8.65]",96.13098307217703,2.996009227071294,0.8730077007516848,24.0
"(8.65, 8.75]",96.12364214739529,3.008764653827141,0.8675931987775765,35.0
"(8.75, 8.85]",96.11630122261354,3.021520080582988,0.862178696803468,31.0
"(8.85, 8.95]",96.10896029783181,3.034275507338835,0.8567641948293596,25.0
"(8.95, 9.05]",96.10161937305007,3.047030934094682,0.8513496928552512,20.0
"(9.05, 9.15]",96.09427844826833,3.0597863608505294,0.8459351908811427,37.0
"(9.15, 9.25]",96.0869375234866,3.0725417876063763,0.8405206889070344,24.0
"(9.25, 9.35]",96.07959659870485,3.0852972143622233,0.8351061869329259,24.0
"(9.35, 9.45]",96.07225567392311,3.09805264111807,0.8296916849588175,26.0
"(9.45, 9.55]",96.06491474914138,3.110808067873917,0.8242771829847091,13.0
"(9.55, 9.65]",96.05757382435964,3.123563494629764,0.8188626810106006,25.0
"(9.65, 9.75]",96.0502328995779,3.136318921385611,0.8134481790364922,31.0
"(9.75, 9.85]",96.04289197479616,3.149074348141458,0.8080336770623838,22.0
"(9.85, 9.95]",96.03555105001442,3.161829774897305,0.8026191750882754,16.0
"(9.95, 10.05]",96.02821012523269,3.174585201653152,0.797204673114167,25.0
"(10.05, 10.15]",96.02086920045095,3.1873406284089993,0.7917901711400585,30.0
"(10.15, 10.25]",96.0135282756692,3.2000960551648463,0.78637566916595,22.0
"(10.25, 10.35]",96.00618735088747,3.2128514819206933,0.7809611671918417,23.0
"(10.35, 10.45]",95.99884642610573,3.22560690867654,0.7755466652177333,16.0
"(10.45, 10.55]",95.99150550132399,3.238362335432387,0.7701321632436249,20.0
"(10.55, 10.65]",95.98416457654226,3.251117762188234,0.7647176612695163,31.0
"(10.65, 10.75]",95.97682365176051,3.263873188944081,0.759303159295408,44.0
"(10.75, 10.85]",95.96948272697877,3.276628615699928,0.7538886573212995,27.0
"(10.85, 10.95]",95.96214180219704,3.289384042455775,0.7484741553471912,24.0
"(10.95, 11.05]",95.9548008774153,3.302139469211622,0.7430596533730828,24.0
"(11.05, 11.15]",95.94745995263355,3.314894895967469,0.7376451513989742,17.0
"(11.15, 11.25]",95.94011902785182,3.327650322723316,0.7322306494248658,26.0
"(11.25, 11.35]",95.93277810307008,3.340405749479163,0.7268161474507575,16.0
"(11.35, 11.45]",95.92543717828835,3.3531611762350098,0.7214016454766491,12.0
"(11.45, 11.55]",95.9180962535066,3.3659166029908567,0.7159871435025407,14.0
"(11.55, 11.65]",95.91075532872486,3.378672029746704,0.7105726415284321,15.0
"(11.65, 11.75]",95.90341440394313,3.391427456502551,0.7051581395543237,18.0
"(11.75, 11.85]",95.89607347916139,3.404182883258398,0.6997436375802153,20.0
"(11.85, 11.95]",95.88873255437964,3.416938310014245,0.694329135606107,15.0
"(11.95, 12.05]",95.88139162959791,3.429693736770092,0.6889146336319986,21.0
"(12.05, 12.15]",95.87405070481617,3.4424491635259393,0.68350013165789,16.0
"(12.15, 12.25]",95.86670978003443,3.4552045902817863,0.6780856296837816,18.0
"(12.25, 12.35]",95.8593688552527,3.4679600170376332,0.6726711277096733,14.0
"(12.35, 12.45]",95.85202793047095,3.4807154437934797,0.6672566257355648,13.0
"(12.45, 12.55]",95.84468700568921,3.4934708705493267,0.6618421237614565,18.0
"(12.55, 12.65]",95.83734608090748,3.506226297305174,0.6564276217873479,19.0
"(12.65, 12.75]",95.83000515612574,3.518981724061021,0.6510131198132395,25.0
"(12.75, 12.85]",95.82266423134399,3.531737150816868,0.6455986178391311,19.0
"(12.85, 12.95]",95.81532330656226,3.544492577572715,0.6401841158650228,23.0
"(12.95, 13.05]",95.80798238178052,3.557248004328562,0.6347696138909142,18.0
"(13.05, 13.15]",95.80064145699879,3.570003431084409,0.6293551119168058,15.0
"(13.15, 13.25]",95.79330053221705,3.582758857840256,0.6239406099426974,11.0
"(13.25, 13.35]",95.7859596074353,3.595514284596103,0.618526107968589,14.0
"(13.35, 13.45]",95.77861868265357,3.6082697113519497,0.6131116059944806,10.0
"(13.45, 13.55]",95.77127775787183,3.6210251381077967,0.6076971040203722,12.0
"(13.55, 13.65]",95.76393683309009,3.633780564863644,0.6022826020462637,3.0
"(13.65, 13.75]",95.75659590830836,3.646535991619491,0.5968681000721553,2.0
"(13.75, 13.85]",95.74925498352661,3.659291418375338,0.5914535980980469,4.0
"(13.85, 13.95]",95.74191405874487,3.672046845131185,0.5860390961239386,6.0
"(13.95, 14.05]",95.73457313396314,3.684802271887032,0.58062459414983,6.0
"(14.05, 14.15]",95.7272322091814,3.697557698642879,0.5752100921757216,5.0
"(14.15, 14.25]",95.71989128439965,3.710313125398726,0.5697955902016132,5.0
"(14.25, 14.35]",95.71255035961792,3.7230685521545728,0.5643810882275048,3.0
"(14.35, 14.45]",95.70520943483618,3.7358239789104197,0.5589665862533963,6.0
"(14.45, 14.55]",95.69786851005445,3.7485794056662667,0.553552084279288,6.0
"(14.55, 14.65]",95.6905275852727,3.761334832422114,0.5481375823051795,4.0
"(14.65, 14.75]",95.68318666049096,3.774090259177961,0.5427230803310711,3.0
"(14.75, 14.85]",95.67584573570923,3.786845685933808,0.5373085783569627,5.0
"(14.85, 14.95]",95.66850481092749,3.799601112689655,0.5318940763828542,6.0
"(14.95, 15.05]",95.66116388614574,3.812356539445502,0.5264795744087458,3.0
"(15.05, 15.15]",95.65382296136401,3.825111966201349,0.5210650724346373,1.0
"(15.15, 15.25]",95.64648203658227,3.837867392957196,0.515650570460529,4.0
"(15.25, 15.35]",95.63914111180053,3.8506228197130428,0.5102360684864206,0.0
"(15.35, 15.45]",95.6318001870188,3.8633782464688897,0.5048215665123121,3.0
"(15.45, 15.55]",95.62445926223705,3.8761336732247367,0.49940706453820377,5.0
"(15.55, 15.65]",95.61711833745531,3.8888890999805836,0.49399256256409524,1.0
"(15.65, 15.75]",95.60977741267358,3.9016445267364306,0.4885780605899869,2.0
"(15.75, 15.85]",95.60243648789184,3.9143999534922775,0.48316355861587845,1.0
"(15.85, 15.95]",95.59509556311009,3.9271553802481245,0.47774905664177003,2.0
"(15.95, 16.05]",95.58775463832836,3.9399108070039714,0.47233455466766167,2.0
"(16.05, 16.15]",95.58041371354662,3.952666233759819,0.46692005269355313,0.0
"(16.15, 16.25]",95.57307278876489,3.9654216605156654,0.4615055507194448,3.0
"(16.25, 16.35]",95.56573186398315,3.9781770872715128,0.45609104874533635,0.0
"(16.35, 16.45]",95.5583909392014,3.99093251402736,0.4506765467712278,0.0
"(16.45, 16.55]",95.55105001441967,4.003687940783207,0.4452620447971195,2.0
"(16.55, 16.65]",95.54370908963793,4.016443367539054,0.439847542823011,0.0
"(16.65, 16.75]",95.53636816485619,4.029198794294901,0.4344330408489028,0.0
"(16.75, 16.85]",95.52902724007446,4.041954221050748,0.42901853887479424,0.0
"(16.85, 16.95]",95.52168631529271,4.054709647806595,0.4236040369006857,0.0
"(16.95, 17.05]",95.51434539051097,4.067465074562442,0.4181895349265774,0.0
"(17.05, 17.15]",95.50700446572924,4.080220501318289,0.41277503295246887,1.0
"(17.15, 17.25]",95.4996635409475,4.092975928074136,0.40736053097836056,0.0
"(17.25, 17.35]",95.49232261616575,4.105731354829983,0.40194602900425214,0.0
"(17.35, 17.45]",95.48498169138402,4.11848678158583,0.3965315270301436,0.0
"(17.45, 17.55]",95.47764076660228,4.131242208341677,0.3911170250560353,0.0
"(17.55, 17.65]",95.47029984182053,4.143997635097524,0.38570252308192676,0.0
"(17.65, 17.75]",95.4629589170388,4.156753061853371,0.38028802110781845,0.0
"(17.75, 17.85]",95.45561799225706,4.1695084886092175,0.37487351913371003,0.0
"(17.85, 17.95]",95.44827706747533,4.1822639153650645,0.3694590171596015,0.0
"(17.95, 18.05]",95.44093614269359,4.195019342120911,0.3640445151854932,0.0
"(18.05, 18.15]",95.43359521791184,4.207774768876758,0.35863001321138466,0.0
"(18.15, 18.25]",95.42625429313011,4.220530195632605,0.35321551123727635,0.0
"(18.25, 18.35]",95.41891336834837,4.233285622388452,0.3478010092631679,0.0
"(18.35, 18.45]",95.41157244356663,4.246041049144299,0.3423865072890594,0.0
"(18.45, 18.55]",95.4042315187849,4.258796475900146,0.3369720053149511,0.0
"(18.55, 18.65]",95.39689059400315,4.271551902655993,0.33155750334084255,0.0
"(18.65, 18.75]",95.38954966922141,4.28430732941184,0.32614300136673424,0.0
"(18.75, 18.85]",95.38220874443968,4.297062756167687,0.3207284993926258,0.0
"(18.85, 18.95]",95.37486781965794,4.309818182923535,0.3153139974185173,0.0
"(18.95, 19.05]",95.36752689487619,4.322573609679381,0.309899495444409,0.0
"(19.05, 19.15]",95.36018597009446,4.335329036435229,0.30448499347030045,0.0
"(19.15, 19.25]",95.35284504531272,4.348084463191075,0.29907049149619214,0.0
"(19.25, 19.35]",95.34550412053099,4.360839889946923,0.2936559895220836,0.0
"(19.35, 19.45]",95.33816319574925,4.37359531670277,0.2882414875479752,0.0
"(19.45, 19.55]",95.3308222709675,4.386350743458617,0.2828269855738669,0.0
"(19.55, 19.65]",95.32348134618577,4.399106170214464,0.27741248359975834,0.0
"(19.65, 19.75]",95.31614042140403,4.4118615969703106,0.27199798162565003,0.0
"(19.75, 19.85]",95.30879949662229,4.4246170237261575,0.2665834796515415,0.0
"(19.85, 19.95]",95.30145857184056,4.4373724504820045,0.2611689776774331,0.0
"(19.95, 20.05]",95.29411764705881,4.450127877237851,0.2557544757033248,3910.0
"(20.05, ∞)",94.35028248587571,4.143126177024483,1.5065913370998116,531.0
