Interval,WinningChance,DrawingChance,LosingChance,TotalGames
"(-∞, -20.05]",0.5375777379572045,2.0870665120691476,97.37535574997365,2227.0
"(-20.05, -19.95]",0.5375777379572045,2.0870665120691476,97.37535574997365,18974.0
"(-19.95, -19.85]",0.5297867562476797,2.166428232330234,97.3037850114221,0.0
"(-19.85, -19.75]",0.5219957745381552,2.2457899525913176,97.23221427287054,0.0
"(-19.75, -19.65]",0.5142047928286304,2.325151672852404,97.16064353431896,0.0
"(-19.65, -19.55]",0.5064138111191056,2.4045133931134903,97.08907279576741,1.0
"(-19.55, -19.45]",0.498622829409581,2.483875113374574,97.01750205721585,0.0
"(-19.45, -19.35]",0.4908318477000562,2.5632368336356603,96.94593131866428,0.0
"(-19.35, -19.25]",0.4830408659905317,2.642598553896744,96.87436058011272,0.0
"(-19.25, -19.15]",0.47524988428100684,2.7219602741578304,96.80278984156116,1.0
"(-19.15, -19.05]",0.46745890257148204,2.8013219944189167,96.73121910300961,1.0
"(-19.05, -18.95]",0.4596679208619575,2.8806837146800004,96.65964836445805,0.0
"(-18.95, -18.85]",0.4518769391524327,2.9600454349410867,96.58807762590648,1.0
"(-18.85, -18.75]",0.44408595744290813,3.0394071552021704,96.51650688735492,0.0
"(-18.75, -18.65]",0.4362949757333834,3.1187688754632568,96.44493614880336,0.0
"(-18.65, -18.55]",0.4285039940238585,3.1981305957243436,96.3733654102518,0.0
"(-18.55, -18.45]",0.420713012314334,3.277492315985427,96.30179467170024,2.0
"(-18.45, -18.35]",0.4129220306048092,3.3568540362465136,96.23022393314868,0.0
"(-18.35, -18.25]",0.4051310488952846,3.436215756507597,96.15865319459712,0.0
"(-18.25, -18.15]",0.39734006718575987,3.5155774767686836,96.08708245604556,1.0
"(-18.15, -18.05]",0.389549085476235,3.5949391970297695,96.015511717494,0.0
"(-18.05, -17.95]",0.3817581037667105,3.6743009172908536,95.94394097894244,0.0
"(-17.95, -17.85]",0.3739671220571857,3.7536626375519395,95.87237024039088,1.0
"(-17.85, -17.75]",0.3661761403476611,3.8330243578130236,95.80079950183932,0.0
"(-17.75, -17.65]",0.35838515863813636,3.9123860780741095,95.72922876328775,0.0
"(-17.65, -17.55]",0.3505941769286115,3.9917477983351963,95.6576580247362,1.0
"(-17.55, -17.45]",0.342803195219087,4.07110951859628,95.58608728618464,1.0
"(-17.45, -17.35]",0.3350122135095622,4.150471238857366,95.51451654763308,0.0
"(-17.35, -17.25]",0.3272212318000376,4.2298329591184505,95.44294580908151,3.0
"(-17.25, -17.15]",0.31943025009051285,4.309194679379536,95.37137507052995,2.0
"(-17.15, -17.05]",0.311639268380988,4.388556399640622,95.2998043319784,7.0
"(-17.05, -16.95]",0.30384828667146346,4.467918119901706,95.22823359342684,2.0
"(-16.95, -16.85]",0.29605730496193866,4.547279840162792,95.15666285487526,1.0
"(-16.85, -16.75]",0.2882663232524141,4.626641560423876,95.08509211632371,1.0
"(-16.75, -16.65]",0.2804753415428893,4.706003280684962,95.01352137777215,3.0
"(-16.65, -16.55]",0.2726843598333645,4.785365000946049,94.9419506392206,6.0
"(-16.55, -16.45]",0.26489337812383995,4.864726721207132,94.87037990066902,13.0
"(-16.45, -16.35]",0.25710239641431515,4.944088441468219,94.79880916211746,7.0
"(-16.35, -16.25]",0.24931141470479062,5.023450161729302,94.72723842356591,10.0
"(-16.25, -16.15]",0.24152043299526577,5.102811881990389,94.65566768501435,5.0
"(-16.15, -16.05]",0.23372945128574096,5.182173602251476,94.58409694646278,10.0
"(-16.05, -15.95]",0.22593846957621644,5.261535322512559,94.51252620791122,5.0
"(-15.95, -15.85]",0.21814748786669164,5.340897042773646,94.44095546935966,13.0
"(-15.85, -15.75]",0.21035650615716694,5.420258763034731,94.36938473080811,12.0
"(-15.75, -15.65]",0.20256552444764225,5.499620483295816,94.29781399225654,5.0
"(-15.65, -15.55]",0.19477454273811762,5.578982203556901,94.22624325370498,15.0
"(-15.55, -15.45]",0.18698356102859293,5.658343923817986,94.15467251515342,18.0
"(-15.45, -15.35]",0.17919257931906812,5.737705644079072,94.08310177660186,18.0
"(-15.35, -15.25]",0.17140159760954343,5.817067364340157,94.0115310380503,24.0
"(-15.25, -15.15]",0.16361061590001874,5.896429084601242,93.93996029949874,27.0
"(-15.15, -15.05]",0.1558196341904941,5.975790804862327,93.86838956094718,33.0
"(-15.05, -14.95]",0.1480286524809694,6.055152525123412,93.79681882239562,30.0
"(-14.95, -14.85]",0.1402376707714446,6.134514245384498,93.72524808384405,17.0
"(-14.85, -14.75]",0.13244668906191992,6.213875965645583,93.6536773452925,30.0
"(-14.75, -14.65]",0.12465570735239523,6.293237685906668,93.58210660674094,30.0
"(-14.65, -14.55]",0.11686472564287059,6.372599406167753,93.51053586818938,47.0
"(-14.55, -14.45]",0.1090737439333459,6.451961126428838,93.43896512963781,36.0
"(-14.45, -14.35]",0.1012827622238211,6.531322846689925,93.36739439108625,29.0
"(-14.35, -14.25]",0.09349178051429641,6.61068456695101,93.2958236525347,45.0
"(-14.25, -14.15]",0.08570079880477172,6.690046287212095,93.22425291398314,46.0
"(-14.15, -14.05]",0.07790981709524708,6.76940800747318,93.15268217543156,49.0
"(-14.05, -13.95]",0.07011883538572239,6.848769727734265,93.08111143688001,56.0
"(-13.95, -13.85]",0.06232785367619759,6.9281314479953515,93.00954069832845,49.0
"(-13.85, -13.75]",0.054536871966672895,7.0074931682564365,92.9379699597769,48.0
"(-13.75, -13.65]",0.046745890257148204,7.0868548885175215,92.86639922122532,67.0
"(-13.65, -13.55]",0.03895490854762357,7.166216608778607,92.79482848267376,67.0
"(-13.55, -13.45]",0.031163926838098877,7.245578329039692,92.72325774412221,73.0
"(-13.45, -13.35]",0.02337294512857402,7.324940049300778,92.65168700557065,95.0
"(-13.35, -13.25]",0.015581963419049383,7.404301769561863,92.58011626701908,88.0
"(-13.25, -13.15]",0.007790981709524747,7.483663489822948,92.50854552846752,96.0
"(-13.15, -13.05]",0.0,7.563025210084033,92.43697478991596,119.0
"(-13.05, -12.95]",0.0,4.081632653061225,95.91836734693877,147.0
"(-12.95, -12.85]",0.819672131147541,4.098360655737705,95.08196721311475,122.0
"(-12.85, -12.75]",0.7751937984496124,4.651162790697675,94.57364341085271,129.0
"(-12.75, -12.65]",0.0,0.8333333333333334,99.16666666666667,120.0
"(-12.65, -12.55]",0.0,4.0,96.0,125.0
"(-12.55, -12.45]",0.0,4.464285714285714,95.53571428571429,112.0
"(-12.45, -12.35]",1.3513513513513513,2.7027027027027026,95.94594594594594,148.0
"(-12.35, -12.25]",1.5267175572519083,3.0534351145038165,95.41984732824427,131.0
"(-12.25, -12.15]",0.6756756756756757,3.3783783783783785,95.94594594594594,148.0
"(-12.15, -12.05]",0.7874015748031495,2.3622047244094486,96.8503937007874,127.0
"(-12.05, -11.95]",0.6756756756756757,2.7027027027027026,96.62162162162163,148.0
"(-11.95, -11.85]",0.0,2.083333333333333,97.91666666666666,144.0
"(-11.85, -11.75]",0.0,3.7037037037037033,96.29629629629629,162.0
"(-11.75, -11.65]",0.7407407407407408,2.9629629629629632,96.29629629629629,135.0
"(-11.65, -11.55]",1.1764705882352942,1.7647058823529411,97.05882352941177,170.0
"(-11.55, -11.45]",0.0,3.9215686274509802,96.07843137254902,153.0
"(-11.45, -11.35]",0.53475935828877,2.6737967914438503,96.79144385026738,187.0
"(-11.35, -11.25]",0.5882352941176471,2.3529411764705883,97.05882352941177,170.0
"(-11.25, -11.15]",0.0,3.2432432432432434,96.75675675675676,185.0
"(-11.15, -11.05]",0.0,0.9433962264150944,99.05660377358491,212.0
"(-11.05, -10.95]",0.45454545454545453,1.8181818181818181,97.72727272727273,220.0
"(-10.95, -10.85]",0.4291845493562232,2.1459227467811157,97.42489270386267,233.0
"(-10.85, -10.75]",0.43103448275862066,1.293103448275862,98.27586206896551,232.0
"(-10.75, -10.65]",0.0,1.5810276679841897,98.41897233201581,253.0
"(-10.65, -10.55]",0.0,1.098901098901099,98.9010989010989,273.0
"(-10.55, -10.45]",0.0,3.6734693877551026,96.3265306122449,245.0
"(-10.45, -10.35]",0.8438818565400843,3.375527426160337,95.78059071729957,237.0
"(-10.35, -10.25]",1.36986301369863,1.36986301369863,97.26027397260275,219.0
"(-10.25, -10.15]",0.0,2.066115702479339,97.93388429752066,242.0
"(-10.15, -10.05]",0.0,1.2552301255230125,98.74476987447699,239.0
"(-10.05, -9.95]",2.307692307692308,2.307692307692308,95.38461538461539,260.0
"(-9.95, -9.85]",1.1152416356877324,1.858736059479554,97.02602230483272,269.0
"(-9.85, -9.75]",0.0,1.893939393939394,98.10606060606061,264.0
"(-9.75, -9.65]",1.6286644951140066,2.6058631921824107,95.76547231270358,307.0
"(-9.65, -9.55]",1.0135135135135136,3.040540540540541,95.94594594594594,296.0
"(-9.55, -9.45]",0.6493506493506493,1.2987012987012987,98.05194805194806,308.0
"(-9.45, -9.35]",1.2307692307692308,3.076923076923077,95.6923076923077,325.0
"(-9.35, -9.25]",0.5952380952380952,1.488095238095238,97.91666666666666,336.0
"(-9.25, -9.15]",1.1363636363636365,0.8522727272727272,98.01136363636364,352.0
"(-9.15, -9.05]",1.0389610389610389,2.5974025974025974,96.36363636363636,385.0
"(-9.05, -8.95]",0.8108108108108109,2.7027027027027026,96.48648648648648,370.0
"(-8.95, -8.85]",1.240694789081886,1.240694789081886,97.51861042183623,403.0
"(-8.85, -8.75]",2.1634615384615383,1.4423076923076923,96.39423076923077,416.0
"(-8.75, -8.65]",0.9389671361502347,1.4084507042253522,97.65258215962442,426.0
"(-8.65, -8.55]",0.6198347107438017,2.479338842975207,96.900826446281,484.0
"(-8.55, -8.45]",2.6262626262626263,1.4141414141414141,95.95959595959596,495.0
"(-8.45, -8.35]",2.7027027027027026,3.063063063063063,94.23423423423424,555.0
"(-8.35, -8.25]",1.059001512859304,1.9667170953101363,96.97428139183056,661.0
"(-8.25, -8.15]",1.742627345844504,3.0831099195710454,95.17426273458445,746.0
"(-8.15, -8.05]",0.8383233532934131,2.6347305389221556,96.52694610778443,835.0
"(-8.05, -7.95]",1.141552511415525,2.6255707762557075,96.23287671232876,876.0
"(-7.95, -7.85]",1.1098779134295227,2.2197558268590454,96.67036625971143,901.0
"(-7.85, -7.75]",1.2605042016806722,2.2058823529411766,96.53361344537815,952.0
"(-7.75, -7.65]",1.145475372279496,3.0927835051546393,95.76174112256587,873.0
"(-7.65, -7.55]",0.9771986970684038,4.125950054288817,94.89685124864278,921.0
"(-7.55, -7.45]",1.0341261633919339,2.792140641158221,96.17373319544984,967.0
"(-7.45, -7.35]",1.3096351730589337,2.3386342376052385,96.35173058933583,1069.0
"(-7.35, -7.25]",1.7467248908296942,2.2707423580786026,95.9825327510917,1145.0
"(-7.25, -7.15]",1.1764705882352942,2.5210084033613445,96.30252100840336,1190.0
"(-7.15, -7.05]",0.8494208494208495,2.2393822393822393,96.91119691119691,1295.0
"(-7.05, -6.95]",0.5602240896358543,3.011204481792717,96.42857142857143,1428.0
"(-6.95, -6.85]",1.5113350125944585,2.644836272040302,95.84382871536525,1588.0
"(-6.85, -6.75]",0.6586169045005488,2.7442371020856204,96.59714599341383,1822.0
"(-6.75, -6.65]",1.0136847440446022,2.9903699949315765,95.99594526102382,1973.0
"(-6.65, -6.55]",1.1527377521613833,2.4015369836695486,96.44572526416907,2082.0
"(-6.55, -6.45]",0.9943181818181818,2.6988636363636362,96.30681818181817,2112.0
"(-6.45, -6.35]",0.7223476297968396,3.4762979683972914,95.80135440180587,2215.0
"(-6.35, -6.25]",1.4465702286514233,2.9398040130657956,95.61362575828278,2143.0
"(-6.25, -6.15]",0.9546539379474941,2.5298329355608593,96.51551312649164,2095.0
"(-6.15, -6.05]",1.4890646812470918,3.396928804094928,95.11400651465797,2149.0
"(-6.05, -5.95]",1.7728797316722569,3.641590800191662,94.58552946813607,2087.0
"(-5.95, -5.85]",1.3524590163934427,3.0327868852459017,95.61475409836065,2440.0
"(-5.85, -5.75]",1.4002333722287048,4.823026059898872,93.77674056787242,2571.0
"(-5.75, -5.65]",2.206896551724138,4.827586206896552,92.96551724137932,2900.0
"(-5.65, -5.55]",1.536144578313253,4.728915662650603,93.73493975903614,3320.0
"(-5.55, -5.45]",1.6994158258098777,4.03611258629846,94.26447158789166,3766.0
"(-5.45, -5.35]",2.0245071923281834,4.182205647309536,93.79328716036228,3754.0
"(-5.35, -5.25]",2.304915301305193,4.582060538739239,93.11302415995557,3601.0
"(-5.25, -5.15]",2.3203802068772714,5.591277606933184,92.08834218618954,3577.0
"(-5.15, -5.05]",2.5150355385456535,5.6314926189174415,91.8534718425369,3658.0
"(-5.05, -4.95]",2.0970985349037634,6.750933639758689,91.15196782533755,3481.0
"(-4.95, -4.85]",2.3471457548536656,6.519849319037959,91.13300492610837,3451.0
"(-4.85, -4.75]",2.857993450431676,7.264066686513844,89.87793986305448,3359.0
"(-4.75, -4.65]",2.9634300126103406,7.912988650693569,89.12358133669609,3172.0
"(-4.65, -4.55]",3.041695146958305,6.869446343130553,90.08885850991113,2926.0
"(-4.55, -4.45]",3.42916522341531,8.382403879459646,88.18843089712504,2887.0
"(-4.45, -4.35]",3.01941049604601,8.087706685837528,88.89288281811646,2782.0
"(-4.35, -4.25]",2.9171528588098017,9.295993776740568,87.78685336444964,2571.0
"(-4.25, -4.15]",3.3800494641384993,9.851607584501236,86.76834295136027,2426.0
"(-4.15, -4.05]",4.049586776859504,7.314049586776859,88.63636363636364,2420.0
"(-4.05, -3.95]",4.256233877901978,11.13499570077386,84.60877042132417,2326.0
"(-3.95, -3.85]",2.985739750445633,12.433155080213904,84.58110516934046,2244.0
"(-3.85, -3.75]",4.204062352385451,10.95890410958904,84.83703353802551,2117.0
"(-3.75, -3.65]",3.896713615023474,11.737089201877934,84.36619718309859,2130.0
"(-3.65, -3.55]",4.285714285714286,15.095238095238095,80.61904761904762,2100.0
"(-3.55, -3.45]",4.593110334498253,12.33150274588118,83.07538691962057,2003.0
"(-3.45, -3.35]",4.112441436751692,14.003123373243104,81.8844351900052,1921.0
"(-3.35, -3.25]",4.042553191489362,13.670212765957446,82.2872340425532,1880.0
"(-3.25, -3.15]",4.969630038652678,12.700165654334622,82.3302043070127,1811.0
"(-3.15, -3.05]",5.8370044052863435,14.922907488986784,79.24008810572687,1816.0
"(-3.05, -2.95]",4.954441913439635,17.027334851936217,78.01822323462414,1756.0
"(-2.95, -2.85]",5.089820359281437,18.44311377245509,76.46706586826348,1670.0
"(-2.85, -2.75]",5.927682276229993,19.62062833432128,74.45168938944873,1687.0
"(-2.75, -2.65]",5.387409200968523,19.73365617433414,74.87893462469734,1652.0
"(-2.65, -2.55]",5.3406998158379375,19.0914671577655,75.56783302639656,1629.0
"(-2.55, -2.45]",6.605762473647224,21.855235418130707,71.53900210822206,1423.0
"(-2.45, -2.35]",7.315389924085576,22.429261559696343,70.25534851621809,1449.0
"(-2.35, -2.25]",7.483962936564505,22.736992159657877,69.77904490377762,1403.0
"(-2.25, -2.15]",7.636887608069164,23.77521613832853,68.58789625360231,1388.0
"(-2.15, -2.05]",7.593014426727411,26.65148063781321,65.75550493545937,1317.0
"(-2.05, -1.95]",6.861989205859677,27.756360832690824,65.3816499614495,1297.0
"(-1.95, -1.85]",7.431340872374798,27.140549273021,65.4281098546042,1238.0
"(-1.85, -1.75]",7.466442953020135,29.36241610738255,63.171140939597315,1192.0
"(-1.75, -1.65]",7.726465364120781,28.685612788632326,63.58792184724689,1126.0
"(-1.65, -1.55]",9.510086455331413,29.7790585975024,60.71085494716618,1041.0
"(-1.55, -1.45]",8.437200383509108,30.87248322147651,60.69031639501438,1043.0
"(-1.45, -1.35]",8.46968238691049,31.472569778633304,60.05774783445621,1039.0
"(-1.35, -1.25]",10.139165009940358,30.417495029821072,59.443339960238575,1006.0
"(-1.25, -1.15]",9.229390681003585,33.42293906810036,57.34767025089605,1116.0
"(-1.15, -1.05]",8.325709057639525,32.11344922232388,59.56084172003659,1093.0
"(-1.05, -0.95]",10.26086956521739,35.130434782608695,54.608695652173914,1150.0
"(-0.95, -0.85]",8.61513687600644,38.164251207729464,53.22061191626409,1242.0
"(-0.85, -0.75]",10.359408033826638,36.99788583509514,52.64270613107822,1419.0
"(-0.75, -0.65]",10.006807351940095,37.98502382573179,52.008168822328116,1469.0
"(-0.65, -0.55]",9.264305177111716,40.32697547683924,50.40871934604905,1835.0
"(-0.55, -0.45]",6.92141312184571,46.7916366258111,46.28695025234318,2774.0
"(-0.45, -0.35]",6.808419243986254,53.200171821305844,39.991408934707906,4656.0
"(-0.35, -0.25]",6.6856859340114125,56.102704043661625,37.211610022326965,8062.0
"(-0.25, -0.15]",7.0770613345315665,60.091365236276495,32.83157342919194,13353.0
"(-0.15, -0.05]",7.963863111896696,67.00054008936024,25.035596798743065,20367.0
"(-0.05, 0.05]",11.833934294871796,76.20907738095238,11.956988324175825,139776.0
"(0.05, 0.15]",26.559167750325095,65.69050715214564,7.7503250975292595,19225.0
"(0.15, 0.25]",31.31062124248497,61.587174348697395,7.102204408817634,12475.0
"(0.25, 0.35]",32.79357556608741,60.518694049499736,6.687730384412848,7596.0
"(0.35, 0.45]",37.54998947589981,56.135550410439905,6.3144601136602825,4751.0
"(0.45, 0.55]",43.33093006488824,48.70223503965393,7.966834895457822,2774.0
"(0.55, 0.65]",47.21009218825813,43.71664240659874,9.073265405143134,2061.0
"(0.65, 0.75]",50.410316529894494,40.73856975381008,8.851113716295428,1706.0
"(0.75, 0.85]",51.60213618157543,38.518024032042725,9.879839786381844,1498.0
"(0.85, 0.95]",53.13778990450204,38.74488403819918,8.117326057298772,1466.0
"(0.95, 1.05]",51.726726726726724,38.96396396396396,9.30930930930931,1332.0
"(1.05, 1.15]",52.207001522070016,40.33485540334855,7.4581430745814306,1314.0
"(1.15, 1.25]",57.324840764331206,33.04140127388535,9.63375796178344,1256.0
"(1.25, 1.35]",57.67366720516963,33.764135702746366,8.562197092084006,1238.0
"(1.35, 1.45]",58.56219709208401,33.117932148626814,8.319870759289175,1238.0
"(1.45, 1.55]",59.68928863450531,32.461161079313165,7.849550286181521,1223.0
"(1.55, 1.65]",61.10684089162183,31.975403535741737,6.917755572636433,1301.0
"(1.65, 1.75]",61.904761904761905,30.030721966205835,8.064516129032258,1302.0
"(1.75, 1.85]",62.052117263843655,30.863192182410426,7.084690553745928,1228.0
"(1.85, 1.95]",60.81871345029239,31.57894736842105,7.602339181286549,1368.0
"(1.95, 2.05]",61.4760147601476,31.73431734317343,6.789667896678966,1355.0
"(2.05, 2.15]",66.2433155080214,26.938502673796794,6.8181818181818175,1496.0
"(2.15, 2.25]",66.11909650924025,27.446954140999313,6.4339493497604385,1461.0
"(2.25, 2.35]",67.23270440251572,26.60377358490566,6.163522012578617,1590.0
"(2.35, 2.45]",69.80913823019085,24.06015037593985,6.130711393869288,1729.0
"(2.45, 2.55]",70.71106094808127,22.460496613995485,6.8284424379232505,1772.0
"(2.55, 2.65]",72.32142857142857,21.428571428571427,6.25,1680.0
"(2.65, 2.75]",75.98702001081665,18.875067604110328,5.137912385073013,1849.0
"(2.75, 2.85]",75.48103353490929,19.29631665750412,5.222649807586586,1819.0
"(2.85, 2.95]",76.02490918526208,18.11105345096004,5.864037363777893,1927.0
"(2.95, 3.05]",77.36539466806065,16.623105070569785,6.0115002613695765,1913.0
"(3.05, 3.15]",77.70408163265307,17.142857142857142,5.153061224489796,1960.0
"(3.15, 3.25]",79.1501976284585,15.810276679841898,5.0395256916996045,2024.0
"(3.25, 3.35]",80.39029033793432,15.278438838648261,4.33127082341742,2101.0
"(3.35, 3.45]",81.82270916334662,12.998007968127489,5.179282868525896,2008.0
"(3.45, 3.55]",80.3562831006259,14.443909484833895,5.199807414540202,2077.0
"(3.55, 3.65]",81.96955280685061,13.701236917221692,4.329210275927688,2102.0
"(3.65, 3.75]",82.48048568950563,12.879444926279271,4.640069384215091,2306.0
"(3.75, 3.85]",81.43637127257455,14.237715245695087,4.325913481730366,2381.0
"(3.85, 3.95]",84.73748473748473,10.744810744810746,4.517704517704518,2457.0
"(3.95, 4.05]",83.73540856031128,12.140077821011673,4.124513618677042,2570.0
"(4.05, 4.15]",83.94324122479462,11.389096340552651,4.667662434652726,2678.0
"(4.15, 4.25]",85.49825513765025,10.856921287320667,3.644823575029081,2579.0
"(4.25, 4.35]",86.9975533030409,9.821740650122335,3.1807060468367703,2861.0
"(4.35, 4.45]",86.95362028695362,9.80980980980981,3.23656990323657,2997.0
"(4.45, 4.55]",87.01468189233279,9.9510603588907,3.034257748776509,3065.0
"(4.55, 4.65]",88.75513799177921,8.573106283029947,2.6717557251908395,3406.0
"(4.65, 4.75]",88.31282952548331,9.021675454012888,2.6654950205038075,3414.0
"(4.75, 4.85]",90.4488232074439,7.1154898741105645,2.435686918445539,3654.0
"(4.85, 4.95]",90.88427947598254,6.823144104803494,2.292576419213974,3664.0
"(4.95, 5.05]",91.36276391554703,7.074307650123389,1.5629284343295862,3647.0
"(5.05, 5.15]",92.9269547325103,5.504115226337449,1.5689300411522635,3888.0
"(5.15, 5.25]",92.25838264299803,5.793885601577909,1.947731755424063,4056.0
"(5.25, 5.35]",92.15165418980924,6.496015455204057,1.3523303549867183,4141.0
"(5.35, 5.45]",92.99574065309986,5.395172740179839,1.609086606720303,4226.0
"(5.45, 5.55]",93.0102289332684,5.35801266439357,1.6317584023380418,4106.0
"(5.55, 5.65]",93.77299001576458,4.65055176037835,1.5764582238570677,3806.0
"(5.65, 5.75]",94.07874962428615,4.358280733393448,1.562969642320409,3327.0
"(5.75, 5.85]",93.34045584045583,4.594017094017095,2.0655270655270654,2808.0
"(5.85, 5.95]",93.98148148148148,4.282407407407407,1.7361111111111112,2592.0
"(5.95, 6.05]",93.2336742722266,4.012588512981904,2.753737214791503,2542.0
"(6.05, 6.15]",94.2967409948542,3.816466552315609,1.8867924528301887,2332.0
"(6.15, 6.25]",94.37472955430549,3.5482475118996106,2.077022933794894,2311.0
"(6.25, 6.35]",94.46509706732755,3.75877736472532,1.7761255679471293,2421.0
"(6.35, 6.45]",94.02261712439419,3.4733441033925687,2.504038772213247,2476.0
"(6.45, 6.55]",94.12780656303973,4.231433506044905,1.6407599309153715,2316.0
"(6.55, 6.65]",94.67509025270758,3.564981949458484,1.7599277978339352,2216.0
"(6.65, 6.75]",95.45,3.15,1.4000000000000001,2000.0
"(6.75, 6.85]",95.16829533116177,2.8773072747014115,1.9543973941368076,1842.0
"(6.85, 6.95]",93.96051103368177,4.471544715447155,1.5679442508710801,1722.0
"(6.95, 7.05]",95.39999999999999,3.1333333333333333,1.4666666666666666,1500.0
"(7.05, 7.15]",95.51414768806073,2.7605244996549345,1.725327812284334,1449.0
"(7.15, 7.25]",95.50653594771242,3.104575163398693,1.3888888888888888,1224.0
"(7.25, 7.35]",95.83333333333334,2.951388888888889,1.215277777777778,1152.0
"(7.35, 7.45]",94.99553172475424,3.395889186773905,1.6085790884718498,1119.0
"(7.45, 7.55]",96.05809128630706,2.904564315352697,1.0373443983402488,964.0
"(7.55, 7.65]",96.0668633235005,2.55653883972468,1.376597836774828,1017.0
"(7.65, 7.75]",96.52551574375678,2.3887079261672097,1.0857763300760044,921.0
"(7.75, 7.85]",95.78107183580387,2.6225769669327255,1.596351197263398,877.0
"(7.85, 7.95]",96.46799116997794,2.097130242825607,1.434878587196468,906.0
"(7.95, 8.05]",95.03386004514672,3.3860045146726865,1.580135440180587,886.0
"(8.05, 8.15]",95.24348810872027,3.6240090600226504,1.1325028312570782,883.0
"(8.15, 8.25]",95.58080808080808,2.6515151515151514,1.7676767676767675,792.0
"(8.25, 8.35]",96.79389312977099,1.984732824427481,1.2213740458015268,655.0
"(8.35, 8.45]",97.02970297029702,1.4851485148514851,1.4851485148514851,606.0
"(8.45, 8.55]",94.99136442141624,2.5906735751295336,2.4179620034542317,579.0
"(8.55, 8.65]",96.03340292275574,2.0876826722338206,1.8789144050104383,479.0
"(8.65, 8.75]",97.5609756097561,1.7738359201773837,0.6651884700665188,451.0
"(8.75, 8.85]",95.99056603773585,2.358490566037736,1.650943396226415,424.0
"(8.85, 8.95]",96.82539682539682,1.1337868480725624,2.0408163265306123,441.0
"(8.95, 9.05]",96.1340206185567,1.5463917525773196,2.3195876288659796,388.0
"(9.05, 9.15]",97.06601466992664,1.7114914425427872,1.2224938875305624,409.0
"(9.15, 9.25]",96.4824120603015,2.261306532663317,1.256281407035176,398.0
"(9.25, 9.35]",95.8904109589041,2.4657534246575343,1.643835616438356,365.0
"(9.35, 9.45]",97.09302325581395,1.4534883720930232,1.4534883720930232,344.0
"(9.45, 9.55]",95.16616314199395,3.0211480362537766,1.812688821752266,331.0
"(9.55, 9.65]",96.96969696969697,2.272727272727273,0.7575757575757576,264.0
"(9.65, 9.75]",95.73170731707317,2.7439024390243905,1.524390243902439,328.0
"(9.75, 9.85]",97.35099337748345,1.3245033112582782,1.3245033112582782,302.0
"(9.85, 9.95]",97.55244755244755,0.6993006993006993,1.7482517482517483,286.0
"(9.95, 10.05]",96.20689655172414,2.7586206896551726,1.0344827586206897,290.0
"(10.05, 10.15]",96.30996309963099,1.4760147601476015,2.214022140221402,271.0
"(10.15, 10.25]",96.62162162162163,1.3513513513513513,2.027027027027027,296.0
"(10.25, 10.35]",96.89922480620154,2.3255813953488373,0.7751937984496124,258.0
"(10.35, 10.45]",95.77464788732394,2.112676056338028,2.112676056338028,284.0
"(10.45, 10.55]",97.15302491103202,1.4234875444839856,1.4234875444839856,281.0
"(10.55, 10.65]",96.80511182108627,2.5559105431309903,0.6389776357827476,313.0
"(10.65, 10.75]",98.29059829059828,0.8547008547008548,0.8547008547008548,234.0
"(10.75, 10.85]",98.08429118773945,1.532567049808429,0.38314176245210724,261.0
"(10.85, 10.95]",96.8609865470852,3.1390134529147984,0.0,223.0
"(10.95, 11.05]",97.47474747474747,0.0,2.525252525252525,198.0
"(11.05, 11.15]",97.24770642201835,1.834862385321101,0.9174311926605505,218.0
"(11.15, 11.25]",95.40816326530613,2.5510204081632653,2.0408163265306123,196.0
"(11.25, 11.35]",93.53233830845771,4.975124378109453,1.4925373134328357,201.0
"(11.35, 11.45]",98.37837837837839,1.0810810810810811,0.5405405405405406,185.0
"(11.45, 11.55]",96.81528662420382,2.547770700636943,0.6369426751592357,157.0
"(11.55, 11.65]",95.80838323353294,2.9940119760479043,1.1976047904191618,167.0
"(11.65, 11.75]",96.64804469273743,3.35195530726257,0.0,179.0
"(11.75, 11.85]",93.38235294117648,5.147058823529411,1.4705882352941175,136.0
"(11.85, 11.95]",96.73202614379085,3.2679738562091507,0.0,153.0
"(11.95, 12.05]",98.11320754716981,1.8867924528301887,0.0,159.0
"(12.05, 12.15]",98.54014598540147,1.4598540145985401,0.0,137.0
"(12.15, 12.25]",94.96402877697841,2.877697841726619,2.158273381294964,139.0
"(12.25, 12.35]",96.02649006622516,3.9735099337748347,0.0,151.0
"(12.35, 12.45]",98.0,2.0,0.0,150.0
"(12.45, 12.55]",97.35099337748345,2.6490066225165565,0.0,151.0
"(12.55, 12.65]",95.08196721311475,2.459016393442623,2.459016393442623,122.0
"(12.65, 12.75]",97.94520547945206,2.054794520547945,0.0,146.0
"(12.75, 12.85]",95.19999999999999,2.4,2.4,125.0
"(12.85, 12.95]",95.90163934426229,2.459016393442623,1.639344262295082,122.0
"(12.95, 13.05]",97.87234042553192,0.7092198581560284,1.4184397163120568,141.0
"(13.05, 13.15]",94.28571428571428,3.8095238095238098,1.9047619047619049,105.0
"(13.15, 13.25]",96.42857142857143,2.857142857142857,0.7142857142857143,140.0
"(13.25, 13.35]",95.6140350877193,3.508771929824561,0.8771929824561403,114.0
"(13.35, 13.45]",95.6406388903975,3.483031392360209,0.8763297172423032,95.0
"(13.45, 13.55]",95.66724269307568,3.4572908548958576,0.8754664520284663,75.0
"(13.55, 13.65]",95.69384649575387,3.431550317431505,0.8746031868146292,76.0
"(13.65, 13.75]",95.72045029843206,3.4058097799671536,0.8737399216007923,64.0
"(13.75, 13.85]",95.74705410111025,3.3800692425028016,0.8728766563869552,58.0
"(13.85, 13.95]",95.77365790378843,3.35432870503845,0.8720133911731183,50.0
"(13.95, 14.05]",95.80026170646663,3.328588167574098,0.8711501259592812,48.0
"(14.05, 14.15]",95.82686550914481,3.3028476301097456,0.8702868607454441,38.0
"(14.15, 14.25]",95.853469311823,3.277107092645394,0.8694235955316072,49.0
"(14.25, 14.35]",95.88007311450119,3.251366555181042,0.8685603303177701,43.0
"(14.35, 14.45]",95.90667691717938,3.2256260177166904,0.8676970651039332,43.0
"(14.45, 14.55]",95.93328071985756,3.1998854802523384,0.8668337998900961,46.0
"(14.55, 14.65]",95.95988452253576,3.1741449427879864,0.8659705346762591,34.0
"(14.65, 14.75]",95.98648832521394,3.1484044053236344,0.8651072694624221,32.0
"(14.75, 14.85]",96.01309212789214,3.1226638678592824,0.864244004248585,35.0
"(14.85, 14.95]",96.03969593057032,3.096923330394931,0.8633807390347481,27.0
"(14.95, 15.05]",96.06629973324851,3.0711827929305793,0.862517473820911,25.0
"(15.05, 15.15]",96.0929035359267,3.045442255466227,0.861654208607074,28.0
"(15.15, 15.25]",96.11950733860489,3.019701718001875,0.860790943393237,20.0
"(15.25, 15.35]",96.14611114128307,2.9939611805375232,0.8599276781794,17.0
"(15.35, 15.45]",96.17271494396127,2.9682206430731712,0.859064412965563,18.0
"(15.45, 15.55]",96.19931874663945,2.9424801056088197,0.858201147751726,16.0
"(15.55, 15.65]",96.22592254931764,2.916739568144467,0.857337882537889,17.0
"(15.65, 15.75]",96.25252635199584,2.890999030680115,0.856474617324052,13.0
"(15.75, 15.85]",96.27913015467402,2.8652584932157636,0.8556113521102149,10.0
"(15.85, 15.95]",96.30573395735222,2.839517955751412,0.8547480868963779,9.0
"(15.95, 16.05]",96.3323377600304,2.81377741828706,0.8538848216825409,9.0
"(16.05, 16.15]",96.3589415627086,2.7880368808227076,0.8530215564687039,12.0
"(16.15, 16.25]",96.38554536538678,2.7622963433583565,0.8521582912548669,9.0
"(16.25, 16.35]",96.41214916806497,2.736555805894004,0.8512950260410299,4.0
"(16.35, 16.45]",96.43875297074315,2.710815268429652,0.8504317608271929,4.0
"(16.45, 16.55]",96.46535677342135,2.6850747309653005,0.8495684956133558,8.0
"(16.55, 16.65]",96.49196057609953,2.659334193500948,0.8487052303995188,6.0
"(16.65, 16.75]",96.51856437877773,2.633593656036597,0.8478419651856818,0.0
"(16.75, 16.85]",96.5451681814559,2.6078531185722444,0.8469786999718448,3.0
"(16.85, 16.95]",96.5717719841341,2.5821125811078924,0.8461154347580078,4.0
"(16.95, 17.05]",96.59837578681228,2.556372043643541,0.8452521695441708,2.0
"(17.05, 17.15]",96.62497958949048,2.530631506179189,0.8443889043303338,2.0
"(17.15, 17.25]",96.65158339216866,2.5048909687148373,0.8435256391164967,2.0
"(17.25, 17.35]",96.67818719484686,2.479150431250485,0.8426623739026597,4.0
"(17.35, 17.45]",96.70479099752504,2.453409893786133,0.8417991086888227,0.0
"(17.45, 17.55]",96.73139480020323,2.4276693563217817,0.8409358434749857,2.0
"(17.55, 17.65]",96.75799860288141,2.4019288188574293,0.8400725782611487,0.0
"(17.65, 17.75]",96.78460240555961,2.3761882813930777,0.8392093130473116,1.0
"(17.75, 17.85]",96.8112062082378,2.3504477439287257,0.8383460478334747,1.0
"(17.85, 17.95]",96.83781001091599,2.3247072064643732,0.8374827826196376,1.0
"(17.95, 18.05]",96.86441381359418,2.2989666690000217,0.8366195174058007,0.0
"(18.05, 18.15]",96.89101761627236,2.2732261315356697,0.8357562521919636,1.0
"(18.15, 18.25]",96.91762141895056,2.2474855940713185,0.8348929869781266,0.0
"(18.25, 18.35]",96.94422522162874,2.221745056606966,0.8340297217642896,2.0
"(18.35, 18.45]",96.97082902430694,2.1960045191426136,0.8331664565504525,0.0
"(18.45, 18.55]",96.99743282698512,2.1702639816782625,0.8323031913366156,0.0
"(18.55, 18.65]",97.02403662966331,2.14452344421391,0.8314399261227785,0.0
"(18.65, 18.75]",97.0506404323415,2.1187829067495585,0.8305766609089416,1.0
"(18.75, 18.85]",97.07724423501969,2.0930423692852065,0.8297133956951045,0.0
"(18.85, 18.95]",97.10384803769787,2.0673018318208545,0.8288501304812674,0.0
"(18.95, 19.05]",97.13045184037607,2.041561294356503,0.8279868652674305,1.0
"(19.05, 19.15]",97.15705564305425,2.0158207568921505,0.8271236000535934,0.0
"(19.15, 19.25]",97.18365944573245,1.9900802194277993,0.8262603348397565,1.0
"(19.25, 19.35]",97.21026324841063,1.9643396819634469,0.8253970696259194,0.0
"(19.35, 19.45]",97.23686705108882,1.9385991444990947,0.8245338044120823,0.0
"(19.45, 19.55]",97.263470853767,1.9128586070347433,0.8236705391982454,0.0
"(19.55, 19.65]",97.2900746564452,1.887118069570391,0.8228072739844083,0.0
"(19.65, 19.75]",97.31667845912338,1.8613775321060397,0.8219440087705714,0.0
"(19.75, 19.85]",97.34328226180158,1.8356369946416875,0.8210807435567343,1.0
"(19.85, 19.95]",97.36988606447977,1.8098964571773353,0.8202174783428973,0.0
"(19.95, 20.05]",97.39648986715795,1.7841559197129837,0.8193542131290603,20626.0
"(20.05, ∞)",97.34748010610079,2.2546419098143233,0.3978779840848806,2262.0
