Interval,WinningChance,DrawingChance,LosingChance,TotalGames
"(-∞, -20.05]",1.7624380392876813,0.6333761703690105,97.60418579034331,101.0
"(-20.05, -19.95]",1.7624380392876813,0.6333761703690105,97.60418579034331,10894.0
"(-19.95, -19.85]",1.7736348164755236,0.6265656739134297,97.59979950961105,0.0
"(-19.85, -19.75]",1.7848315936633656,0.619755177457849,97.59541322887878,0.0
"(-19.75, -19.65]",1.7960283708512081,0.6129446810022682,97.59102694814652,2.0
"(-19.65, -19.55]",1.8072251480390504,0.6061341845466873,97.58664066741426,0.0
"(-19.55, -19.45]",1.8184219252268925,0.5993236880911067,97.582254386682,1.0
"(-19.45, -19.35]",1.8296187024147348,0.5925131916355258,97.57786810594973,0.0
"(-19.35, -19.25]",1.8408154796025769,0.5857026951799452,97.57348182521748,1.0
"(-19.25, -19.15]",1.8520122567904191,0.5788921987243644,97.56909554448522,0.0
"(-19.15, -19.05]",1.8632090339782617,0.5720817022687835,97.56470926375296,2.0
"(-19.05, -18.95]",1.8744058111661037,0.5652712058132029,97.5603229830207,1.0
"(-18.95, -18.85]",1.885602588353946,0.558460709357622,97.55593670228843,1.0
"(-18.85, -18.75]",1.896799365541788,0.5516502129020415,97.55155042155617,2.0
"(-18.75, -18.65]",1.9079961427296304,0.5448397164464607,97.54716414082391,1.0
"(-18.65, -18.55]",1.9191929199174729,0.5380292199908797,97.54277786009165,0.0
"(-18.55, -18.45]",1.9303896971053147,0.5312187235352992,97.53839157935938,0.0
"(-18.45, -18.35]",1.9415864742931572,0.5244082270797183,97.53400529862712,1.0
"(-18.35, -18.25]",1.9527832514809993,0.5175977306241377,97.52961901789486,0.0
"(-18.25, -18.15]",1.9639800286688416,0.5107872341685569,97.5252327371626,2.0
"(-18.15, -18.05]",1.9751768058566839,0.503976737712976,97.52084645643033,1.0
"(-18.05, -17.95]",1.986373583044526,0.4971662412573954,97.51646017569809,1.0
"(-17.95, -17.85]",1.9975703602323684,0.49035574480181454,97.51207389496582,1.0
"(-17.85, -17.75]",2.0087671374202105,0.4835452483462339,97.50768761423356,0.0
"(-17.75, -17.65]",2.019963914608053,0.47673475189065306,97.5033013335013,0.0
"(-17.65, -17.55]",2.031160691795895,0.4699242554350722,97.49891505276904,1.0
"(-17.55, -17.45]",2.042357468983737,0.4631137589794916,97.49452877203677,1.0
"(-17.45, -17.35]",2.0535542461715797,0.45630326252391074,97.49014249130451,1.0
"(-17.35, -17.25]",2.0647510233594217,0.4494927660683301,97.48575621057225,1.0
"(-17.25, -17.15]",2.075947800547264,0.44268226961274926,97.48136992983999,1.0
"(-17.15, -17.05]",2.0871445777351063,0.4358717731571684,97.47698364910772,0.0
"(-17.05, -16.95]",2.0983413549229484,0.4290612767015878,97.47259736837546,1.0
"(-16.95, -16.85]",2.109538132110791,0.42225078024600693,97.4682110876432,1.0
"(-16.85, -16.75]",2.1207349092986325,0.4154402837904263,97.46382480691094,2.0
"(-16.75, -16.65]",2.131931686486475,0.40862978733484545,97.45943852617867,1.0
"(-16.65, -16.55]",2.1431284636743175,0.4018192908792646,97.45505224544642,2.0
"(-16.55, -16.45]",2.1543252408621596,0.395008794423684,97.45066596471416,0.0
"(-16.45, -16.35]",2.165522018050002,0.3881982979681031,97.4462796839819,2.0
"(-16.35, -16.25]",2.1767187952378437,0.38138780151252255,97.44189340324964,2.0
"(-16.25, -16.15]",2.1879155724256862,0.3745773050569417,97.43750712251737,2.0
"(-16.15, -16.05]",2.1991123496135287,0.36776680860136085,97.43312084178511,2.0
"(-16.05, -15.95]",2.210309126801371,0.3609563121457802,97.42873456105285,3.0
"(-15.95, -15.85]",2.221505903989213,0.3541458156901994,97.42434828032059,0.0
"(-15.85, -15.75]",2.2327026811770554,0.34733531923461863,97.41996199958832,2.0
"(-15.75, -15.65]",2.2438994583648975,0.3405248227790379,97.41557571885606,4.0
"(-15.65, -15.55]",2.2550962355527395,0.33371432632345716,97.4111894381238,3.0
"(-15.55, -15.45]",2.266293012740582,0.3269038298678764,97.40680315739154,3.0
"(-15.45, -15.35]",2.277489789928424,0.32009333341229557,97.40241687665927,10.0
"(-15.35, -15.25]",2.2886865671162666,0.3132828369567148,97.39803059592703,6.0
"(-15.25, -15.15]",2.2998833443041087,0.30647234050113414,97.39364431519476,4.0
"(-15.15, -15.05]",2.3110801214919507,0.2996618440455534,97.3892580344625,3.0
"(-15.05, -14.95]",2.3222768986797933,0.29285134758997267,97.38487175373024,8.0
"(-14.95, -14.85]",2.3334736758676353,0.2860408511343918,97.38048547299798,5.0
"(-14.85, -14.75]",2.3446704530554774,0.2792303546788111,97.37609919226571,6.0
"(-14.75, -14.65]",2.35586723024332,0.27241985822323034,97.37171291153345,8.0
"(-14.65, -14.55]",2.367064007431162,0.2656093617676496,97.36732663080119,4.0
"(-14.55, -14.45]",2.3782607846190045,0.25879886531206886,97.36294035006892,5.0
"(-14.45, -14.35]",2.3894575618068465,0.251988368856488,97.35855406933666,9.0
"(-14.35, -14.25]",2.4006543389946886,0.24517787240090727,97.3541677886044,5.0
"(-14.25, -14.15]",2.411851116182531,0.23836737594532653,97.34978150787214,5.0
"(-14.15, -14.05]",2.423047893370373,0.2315568794897458,97.34539522713987,14.0
"(-14.05, -13.95]",2.4342446705582157,0.22474638303416505,97.34100894640763,9.0
"(-13.95, -13.85]",2.4454414477460578,0.2179358865785842,97.33662266567536,19.0
"(-13.85, -13.75]",2.4566382249339,0.21112539012300352,97.3322363849431,17.0
"(-13.75, -13.65]",2.4678350021217423,0.20431489366742278,97.32785010421084,18.0
"(-13.65, -13.55]",2.4790317793095844,0.19750439721184204,97.32346382347858,11.0
"(-13.55, -13.45]",2.4902285564974265,0.1906939007562613,97.31907754274631,14.0
"(-13.45, -13.35]",2.501425333685269,0.18388340430068045,97.31469126201405,17.0
"(-13.35, -13.25]",2.512622110873111,0.17707290784509971,97.31030498128179,15.0
"(-13.25, -13.15]",2.523818888060953,0.17026241138951898,97.30591870054953,23.0
"(-13.15, -13.05]",2.5350156652487956,0.16345191493393824,97.30153241981726,25.0
"(-13.05, -12.95]",2.5462124424366377,0.1566414184783575,97.297146139085,16.0
"(-12.95, -12.85]",2.55740921962448,0.14983092202277665,97.29275985835274,35.0
"(-12.85, -12.75]",2.5686059968123223,0.1430204255671959,97.28837357762048,28.0
"(-12.75, -12.65]",2.5798027740001643,0.13620992911161517,97.28398729688821,20.0
"(-12.65, -12.55]",2.590999551188007,0.12939943265603449,97.27960101615596,39.0
"(-12.55, -12.45]",2.602196328375849,0.12258893620045375,97.2752147354237,40.0
"(-12.45, -12.35]",2.6133931055636914,0.1157784397448729,97.27082845469144,51.0
"(-12.35, -12.25]",2.6245898827515335,0.10896794328929216,97.26644217395918,48.0
"(-12.25, -12.15]",2.6357866599393756,0.10215744683371142,97.26205589322691,38.0
"(-12.15, -12.05]",2.646983437127218,0.09534695037813068,97.25766961249465,37.0
"(-12.05, -11.95]",2.65818021431506,0.08853645392254994,97.25328333176239,41.0
"(-11.95, -11.85]",2.6693769915029026,0.08172595746696909,97.24889705103013,46.0
"(-11.85, -11.75]",2.6805737686907447,0.07491546101138835,97.24451077029786,34.0
"(-11.75, -11.65]",2.6917705458785868,0.06810496455580761,97.2401244895656,50.0
"(-11.65, -11.55]",2.702967323066429,0.06129446810022687,97.23573820883334,43.0
"(-11.55, -11.45]",2.7141641002542714,0.054483971644646134,97.23135192810108,69.0
"(-11.45, -11.35]",2.725360877442114,0.047673475189065284,97.22696564736881,56.0
"(-11.35, -11.25]",2.736557654629956,0.040862978733484545,97.22257936663657,50.0
"(-11.25, -11.15]",2.747754431817798,0.034052482277903806,97.2181930859043,85.0
"(-11.15, -11.05]",2.75895120900564,0.027241985822323067,97.21380680517204,83.0
"(-11.05, -10.95]",2.7701479861934826,0.020431489366742328,97.20942052443978,85.0
"(-10.95, -10.85]",2.781344763381325,0.013620992911161478,97.20503424370752,97.0
"(-10.85, -10.75]",2.792541540569167,0.006810496455580739,97.20064796297525,82.0
"(-10.75, -10.65]",2.803738317757009,0.0,97.19626168224299,107.0
"(-10.65, -10.55]",2.310960067969414,0.4545454545454546,97.23449447748513,82.0
"(-10.55, -10.45]",1.8181818181818181,0.9090909090909091,97.27272727272728,110.0
"(-10.45, -10.35]",0.0,0.9345794392523363,99.06542056074767,107.0
"(-10.35, -10.25]",0.0,0.0,100.0,114.0
"(-10.25, -10.15]",1.7391304347826086,0.0,98.26086956521739,115.0
"(-10.15, -10.05]",1.2987012987012987,0.0,98.7012987012987,154.0
"(-10.05, -9.95]",1.7045454545454544,0.0,98.29545454545455,176.0
"(-9.95, -9.85]",1.183431952662722,0.0,98.81656804733728,169.0
"(-9.85, -9.75]",1.5463917525773196,0.0,98.4536082474227,194.0
"(-9.75, -9.65]",0.45662100456621,0.0,99.54337899543378,219.0
"(-9.65, -9.55]",2.5210084033613445,0.0,97.47899159663865,238.0
"(-9.55, -9.45]",1.3100436681222707,0.0,98.68995633187772,229.0
"(-9.45, -9.35]",0.35714285714285715,0.35714285714285715,99.28571428571429,280.0
"(-9.35, -9.25]",0.9615384615384616,0.3205128205128205,98.71794871794873,312.0
"(-9.25, -9.15]",2.2222222222222223,0.31746031746031744,97.46031746031746,315.0
"(-9.15, -9.05]",1.5923566878980893,0.3184713375796179,98.08917197452229,314.0
"(-9.05, -8.95]",1.6216216216216217,0.5405405405405406,97.83783783783784,370.0
"(-8.95, -8.85]",2.295918367346939,1.2755102040816326,96.42857142857143,392.0
"(-8.85, -8.75]",1.8018018018018018,0.22522522522522523,97.97297297297297,444.0
"(-8.75, -8.65]",1.502145922746781,0.2145922746781116,98.28326180257511,466.0
"(-8.65, -8.55]",2.0242914979757085,1.214574898785425,96.76113360323887,494.0
"(-8.55, -8.45]",1.2681159420289856,0.5434782608695652,98.18840579710145,552.0
"(-8.45, -8.35]",2.3008849557522124,0.35398230088495575,97.34513274336283,565.0
"(-8.35, -8.25]",1.188707280832095,0.5943536404160475,98.21693907875185,673.0
"(-8.25, -8.15]",1.744186046511628,0.872093023255814,97.38372093023256,688.0
"(-8.15, -8.05]",1.092896174863388,0.4098360655737705,98.49726775956285,732.0
"(-8.05, -7.95]",1.3664596273291925,0.8695652173913043,97.7639751552795,805.0
"(-7.95, -7.85]",1.4942528735632183,0.6896551724137931,97.816091954023,870.0
"(-7.85, -7.75]",2.083333333333333,0.9375,96.97916666666667,960.0
"(-7.75, -7.65]",2.8827037773359843,0.7952286282306162,96.3220675944334,1006.0
"(-7.65, -7.55]",2.7938342967244703,1.0597302504816954,96.14643545279384,1038.0
"(-7.55, -7.45]",2.871205906480722,0.2461033634126333,96.88269073010665,1219.0
"(-7.45, -7.35]",2.49798549556809,0.5640612409347301,96.93795326349718,1241.0
"(-7.35, -7.25]",2.708803611738149,0.9029345372460496,96.3882618510158,1329.0
"(-7.25, -7.15]",2.3054755043227666,0.5043227665706052,97.19020172910663,1388.0
"(-7.15, -7.05]",2.272727272727273,0.6684491978609626,97.05882352941177,1496.0
"(-7.05, -6.95]",3.184323331292101,0.8573178199632578,95.95835884874464,1633.0
"(-6.95, -6.85]",2.6604973973395025,0.7518796992481203,96.58762290341237,1729.0
"(-6.85, -6.75]",2.6673376950176144,0.9058882737795673,96.42677403120283,1987.0
"(-6.75, -6.65]",3.401677539608574,0.7921714818266543,95.80615097856477,2146.0
"(-6.65, -6.55]",3.5987404408457038,1.1695906432748537,95.23166891587944,2223.0
"(-6.55, -6.45]",3.111111111111111,1.3737373737373737,95.51515151515152,2475.0
"(-6.45, -6.35]",2.9669075694180296,1.3693419551160138,95.66375047546596,2629.0
"(-6.35, -6.25]",3.005941978329256,1.048584411045089,95.94547361062565,2861.0
"(-6.25, -6.15]",2.980859742704738,1.160966426106056,95.8581738311892,3187.0
"(-6.15, -6.05]",3.2006920415224913,0.8938869665513265,95.90542099192618,3468.0
"(-6.05, -5.95]",3.4276811217865486,1.1685276551545054,95.40379122305895,3851.0
"(-5.95, -5.85]",3.3463605276013677,1.441133365901319,95.2125061064973,4094.0
"(-5.85, -5.75]",3.6118828809574697,1.3891857234451805,94.99893139559735,4679.0
"(-5.75, -5.65]",3.4945221004911224,1.3411409142425386,95.16433698526635,5294.0
"(-5.65, -5.55]",3.811855219443959,1.5562161216995978,94.63192865885645,5719.0
"(-5.55, -5.45]",3.821554205308603,1.8228333866325552,94.35561240805885,6254.0
"(-5.45, -5.35]",4.199940845903579,1.8041999408459037,93.99585921325053,6762.0
"(-5.35, -5.25]",3.8450899031811896,1.438450899031812,94.71645919778699,7230.0
"(-5.25, -5.15]",4.372648241858052,1.7905799922148697,93.83677176592707,7707.0
"(-5.15, -5.05]",4.475839962008785,1.8164549447940164,93.7077050931972,8423.0
"(-5.05, -4.95]",5.597441169750971,2.4217500571167467,91.98080877313228,8754.0
"(-4.95, -4.85]",5.596029986273889,2.2067363530778166,92.1972336606483,9471.0
"(-4.85, -4.75]",6.117622866543286,2.652683528685996,91.22969360477072,9726.0
"(-4.75, -4.65]",6.104876160990711,2.931501547987616,90.96362229102168,10336.0
"(-4.65, -4.55]",6.402181066090062,2.8203440819780012,90.77747485193194,10637.0
"(-4.55, -4.45]",6.5379163713678246,2.8791637136782424,90.58291991495393,11288.0
"(-4.45, -4.35]",6.6854267928711515,3.427986697365055,89.88658650976379,11727.0
"(-4.35, -4.25]",7.362664272304302,3.4691045628928254,89.16823116480288,12251.0
"(-4.25, -4.15]",7.508425425190062,3.660161454659456,88.83141312015049,12759.0
"(-4.15, -4.05]",7.923169267707082,4.149159663865546,87.92767106842737,13328.0
"(-4.05, -3.95]",8.330918574326281,4.020573746740076,87.64850767893364,13804.0
"(-3.95, -3.85]",8.719592946260542,4.32146093259915,86.95894612114031,14347.0
"(-3.85, -3.75]",8.694768229872594,4.330441854161019,86.97478991596638,14756.0
"(-3.75, -3.65]",9.59426579864536,4.399289800749655,86.00644440060499,15207.0
"(-3.65, -3.55]",9.715610122776248,5.311951891756452,84.9724379854673,15964.0
"(-3.55, -3.45]",10.104338275672706,5.247422051375923,84.64823967295138,16389.0
"(-3.45, -3.35]",10.351437699680512,5.913447574789428,83.73511472553005,17215.0
"(-3.35, -3.25]",10.590141947021348,6.113781155694646,83.29607689728401,17894.0
"(-3.25, -3.15]",11.06259097525473,6.787427893686991,82.14998113105828,18549.0
"(-3.15, -3.05]",11.913523459061638,6.88950219768987,81.1969743432485,19566.0
"(-3.05, -2.95]",11.999217336007435,7.0782174827569335,80.92256518123563,20443.0
"(-2.95, -2.85]",12.606265558217085,7.2424968296463295,80.15123761213658,21291.0
"(-2.85, -2.75]",12.912995594713655,7.6725403817914835,79.41446402349486,21792.0
"(-2.75, -2.65]",13.494825124910777,8.435938615274804,78.06923625981442,22416.0
"(-2.65, -2.55]",13.531822363469098,9.166178807393159,77.30199882913774,23914.0
"(-2.55, -2.45]",14.147325933400607,9.364278506559032,76.48839556004037,24775.0
"(-2.45, -2.35]",14.391071916338237,9.751434034416825,75.85749404924493,25627.0
"(-2.35, -2.25]",14.767853813164274,10.050344956181242,75.18180123065449,26815.0
"(-2.25, -2.15]",15.351018508574088,10.915404718433393,73.73357677299252,27933.0
"(-2.15, -2.05]",15.988372093023257,11.256654525077051,72.75497338189969,28552.0
"(-2.05, -1.95]",16.197067062118965,12.219476025704399,71.58345691217663,30345.0
"(-1.95, -1.85]",16.555975722139248,12.844386539133751,70.59963773872701,31469.0
"(-1.85, -1.75]",17.130280613804487,13.235923457846793,69.63379592834872,32714.0
"(-1.75, -1.65]",18.458459636834515,13.702581005915418,67.83895935725006,33979.0
"(-1.65, -1.55]",18.48555465086897,14.248813768705956,67.26563158042508,35617.0
"(-1.55, -1.45]",18.83205799436166,14.863740099342193,66.30420190629614,37245.0
"(-1.45, -1.35]",19.64176362522964,15.679220249030415,64.67901612573995,39192.0
"(-1.35, -1.25]",19.953841243340126,16.78410960249454,63.26204915416533,40729.0
"(-1.25, -1.15]",20.38785285774078,17.757987257591964,61.85415988466726,43006.0
"(-1.15, -1.05]",20.97652746483495,18.52427099512174,60.499201540043316,45713.0
"(-1.05, -0.95]",21.253735008800295,19.737219106872416,59.00904588432729,48862.0
"(-0.95, -0.85]",21.871325063540837,20.73517696597246,57.393497970486706,52722.0
"(-0.85, -0.75]",22.47621401210923,21.538896047730844,55.98488994015993,56651.0
"(-0.75, -0.65]",23.310160253271974,22.867913443650252,53.821926303077774,61278.0
"(-0.65, -0.55]",23.880291672146477,24.505720924115558,51.61398740373796,68433.0
"(-0.55, -0.45]",24.401956997553754,25.48989313763358,50.10814986481267,77670.0
"(-0.45, -0.35]",24.98681492550433,27.311783061574296,47.70140201292137,91012.0
"(-0.35, -0.25]",25.431424316892464,29.560673469574194,45.00790221353334,109463.0
"(-0.25, -0.15]",25.707090275087175,32.90838375108038,41.38452597383244,134212.0
"(-0.15, -0.05]",26.68012558746223,37.366858281496825,35.95301613104095,152563.0
"(-0.05, 0.05]",28.348640165218047,41.8303916406234,29.82096819415856,292462.0
"(0.05, 0.15]",33.60470886807506,38.777804999089135,27.61748613283581,159189.0
"(0.15, 0.25]",37.95773377551445,35.43924403679909,26.60302218768646,144134.0
"(0.25, 0.35]",41.155567041948665,32.92332294173706,25.92111001631427,123818.0
"(0.35, 0.45]",44.132192773337074,30.28373767120086,25.58406955546207,106965.0
"(0.45, 0.55]",46.75708717777244,28.180478782875834,25.062434039351732,95701.0
"(0.55, 0.65]",49.04509986976015,26.754492122218,24.200408008021853,86763.0
"(0.65, 0.75]",50.98799305258388,25.5179097339341,23.494097213482014,79454.0
"(0.75, 0.85]",52.77707397084905,24.198215738308285,23.024710290842656,74989.0
"(0.85, 0.95]",54.31583446114395,23.064320820571265,22.619844718284778,70195.0
"(0.95, 1.05]",56.08455215762118,22.05971231717636,21.855735525202466,66184.0
"(1.05, 1.15]",57.75554422635738,20.795628345653835,21.448827427988785,62768.0
"(1.15, 1.25]",59.19717394564511,19.962341492676586,20.840484561678302,60013.0
"(1.25, 1.35]",60.90482806530046,19.34525877040639,19.749913164293158,57580.0
"(1.35, 1.45]",62.72125314110677,17.936866046699315,19.341880812193914,54519.0
"(1.45, 1.55]",63.59059442759884,17.163453286801307,19.245952285599863,52437.0
"(1.55, 1.65]",65.11811801917564,16.392211129781558,18.4896708510428,50585.0
"(1.65, 1.75]",66.73712568645736,15.559009429074708,17.703864884467933,48255.0
"(1.75, 1.85]",67.4945309483979,15.107450778535581,17.39801827306653,46626.0
"(1.85, 1.95]",68.7756633846969,14.258907678043181,16.965428937259926,45298.0
"(1.95, 2.05]",70.437989857077,13.287229137851545,16.27478100507146,43380.0
"(2.05, 2.15]",71.61694256035669,12.751980268462743,15.631077171180571,42166.0
"(2.15, 2.25]",72.84294626784703,11.84129410894385,15.315759623209132,40553.0
"(2.25, 2.35]",74.05217571702713,11.166433276282351,14.781391006690525,38562.0
"(2.35, 2.45]",75.2906345067362,10.27270751847023,14.436657974793569,36816.0
"(2.45, 2.55]",76.01717268084629,9.907963409843425,14.074863909310286,35638.0
"(2.55, 2.65]",77.13955169920462,9.342010122921186,13.518438177874186,34575.0
"(2.65, 2.75]",77.6798468224782,9.257514512354497,13.06263866516731,32903.0
"(2.75, 2.85]",78.66504699188032,8.787801291477528,12.547151716642158,31282.0
"(2.85, 2.95]",80.17376252454979,7.812656036749775,12.013581438700442,30041.0
"(2.95, 3.05]",80.55911594554335,7.766653964734818,11.674230089721828,28867.0
"(3.05, 3.15]",81.65221527091794,7.174477737533384,11.173306991548678,27333.0
"(3.15, 3.25]",82.33299423533401,6.75181794205192,10.915187822614069,26541.0
"(3.25, 3.35]",82.88298964999605,6.4983803428932605,10.61863000711069,25314.0
"(3.35, 3.45]",83.24894164522287,6.051299078608782,10.699759276168342,24094.0
"(3.45, 3.55]",84.12233816916942,5.841180962076865,10.036480868753712,23574.0
"(3.55, 3.65]",84.80876761350929,5.712368597629166,9.478863788861553,22355.0
"(3.65, 3.75]",85.19701810436635,5.621151085798953,9.1818308098347,21597.0
"(3.75, 3.85]",85.83868665239115,5.072567213894837,9.088746133714015,21015.0
"(3.85, 3.95]",85.6831359333961,4.826800138758115,9.49006392784578,20179.0
"(3.95, 4.05]",87.06759187869443,4.430737599588794,8.501670521716783,19455.0
"(4.05, 4.15]",87.85331905781585,4.282655246252676,7.864025695931478,18680.0
"(4.15, 4.25]",88.28488531231183,3.8375212131165486,7.877593474571631,18267.0
"(4.25, 4.35]",88.88011728882373,3.9021089432728093,7.217773767903463,17734.0
"(4.35, 4.45]",89.93957703927492,3.2507552870090635,6.809667673716012,16550.0
"(4.45, 4.55]",90.3688774887016,3.1513374862587025,6.479785025039697,16374.0
"(4.55, 4.65]",90.83757818041137,3.1014249790444257,6.0609968405442,15509.0
"(4.65, 4.75]",91.26548852325817,2.8234816169002643,5.91102985984156,14769.0
"(4.75, 4.85]",91.25710227272728,2.9048295454545454,5.838068181818182,14080.0
"(4.85, 4.95]",92.01344788942846,2.794172581247665,5.19237952932387,13385.0
"(4.95, 5.05]",92.57138374647003,2.368999058675871,5.059617194854095,12748.0
"(5.05, 5.15]",93.15411587911171,2.0203706795792287,4.825513441309067,11978.0
"(5.15, 5.25]",93.22737306843267,2.0662251655629142,4.706401766004415,11325.0
"(5.25, 5.35]",93.71268656716418,1.9776119402985075,4.309701492537314,10720.0
"(5.35, 5.45]",93.50715746421268,2.085889570552147,4.406952965235174,9780.0
"(5.45, 5.55]",94.57811287282404,1.5966293380640868,3.825257789111875,9019.0
"(5.55, 5.65]",94.37035288563673,1.805735866871238,3.823911247492034,8473.0
"(5.65, 5.75]",94.97553880735158,1.3618934285336508,3.6625677641147694,7563.0
"(5.75, 5.85]",94.56521739130434,1.3157894736842104,4.118993135011442,6992.0
"(5.85, 5.95]",94.12314886983633,1.5432579890880749,4.333593141075604,6415.0
"(5.95, 6.05]",95.03617701497559,1.76678445229682,3.1970385327275785,5943.0
"(6.05, 6.15]",95.96536477523951,1.4369933677229183,2.5976418570375825,5428.0
"(6.15, 6.25]",95.95876288659794,1.175257731958763,2.865979381443299,4850.0
"(6.25, 6.35]",95.1864406779661,1.5141242937853108,3.2994350282485874,4425.0
"(6.35, 6.45]",95.75743048897411,1.2464046021093003,2.9961649089165867,4172.0
"(6.45, 6.55]",96.03580562659847,1.2531969309462916,2.710997442455243,3910.0
"(6.55, 6.65]",96.49268157967413,0.7732670533001933,2.7340513670256836,3621.0
"(6.65, 6.75]",95.73573573573574,1.0210210210210209,3.2432432432432434,3330.0
"(6.75, 6.85]",96.11093401338859,0.8925725215173733,2.996493465094039,3137.0
"(6.85, 6.95]",96.16580310880829,1.1053540587219344,2.7288428324697755,2895.0
"(6.95, 7.05]",95.88057445200302,1.1337868480725624,2.985638699924414,2646.0
"(7.05, 7.15]",96.74473997618102,0.9130607383882492,2.3421992854307265,2519.0
"(7.15, 7.25]",96.17861743237441,1.2881064834693001,2.5332760841562902,2329.0
"(7.25, 7.35]",95.74567554932212,1.3090229079008884,2.9453015427769986,2139.0
"(7.35, 7.45]",96.7005076142132,0.8121827411167513,2.487309644670051,1970.0
"(7.45, 7.55]",97.0076169749728,0.7616974972796519,2.2306855277475517,1838.0
"(7.55, 7.65]",96.51029748283753,0.9725400457665904,2.517162471395881,1748.0
"(7.65, 7.75]",96.72029702970298,0.9282178217821782,2.3514851485148514,1616.0
"(7.75, 7.85]",96.66666666666667,1.045751633986928,2.287581699346405,1530.0
"(7.85, 7.95]",96.64804469273743,0.7681564245810055,2.583798882681564,1432.0
"(7.95, 8.05]",96.87738004569688,0.913937547600914,2.208682406702209,1313.0
"(8.05, 8.15]",96.05042016806723,0.8403361344537815,3.1092436974789917,1190.0
"(8.15, 8.25]",97.2508591065292,0.6013745704467355,2.147766323024055,1164.0
"(8.25, 8.35]",96.43175735950045,1.4272970561998217,2.140945584299732,1121.0
"(8.35, 8.45]",95.79158316633266,0.7014028056112225,3.5070140280561124,998.0
"(8.45, 8.55]",96.43628509719223,0.6479481641468683,2.915766738660907,926.0
"(8.55, 8.65]",97.10327455919395,0.6297229219143577,2.2670025188916876,794.0
"(8.65, 8.75]",97.82345828295043,0.9673518742442563,1.2091898428053205,827.0
"(8.75, 8.85]",96.52294853963839,0.6954102920723227,2.781641168289291,719.0
"(8.85, 8.95]",96.37462235649546,0.906344410876133,2.719033232628399,662.0
"(8.95, 9.05]",97.54500818330605,0.8183306055646482,1.6366612111292964,611.0
"(9.05, 9.15]",96.47058823529412,1.1764705882352942,2.3529411764705883,595.0
"(9.15, 9.25]",96.33699633699634,1.6483516483516485,2.0146520146520146,546.0
"(9.25, 9.35]",96.93251533742331,0.408997955010225,2.658486707566462,489.0
"(9.35, 9.45]",97.56637168141593,0.6637168141592921,1.7699115044247788,452.0
"(9.45, 9.55]",98.02197802197801,0.8791208791208791,1.098901098901099,455.0
"(9.55, 9.65]",96.76616915422885,0.9950248756218906,2.2388059701492535,402.0
"(9.65, 9.75]",97.23756906077348,0.8287292817679558,1.9337016574585635,362.0
"(9.75, 9.85]",97.16981132075472,0.3144654088050315,2.515723270440252,318.0
"(9.85, 9.95]",98.11320754716981,0.3144654088050315,1.5723270440251573,318.0
"(9.95, 10.05]",97.65886287625418,1.0033444816053512,1.3377926421404682,299.0
"(10.05, 10.15]",98.4251968503937,0.7874015748031495,0.7874015748031495,254.0
"(10.15, 10.25]",97.7859778597786,1.107011070110701,1.107011070110701,271.0
"(10.25, 10.35]",96.80365296803653,0.91324200913242,2.28310502283105,219.0
"(10.35, 10.45]",98.17351598173516,0.0,1.82648401826484,219.0
"(10.45, 10.55]",96.57142857142857,0.5714285714285714,2.857142857142857,175.0
"(10.55, 10.65]",98.34254143646409,0.0,1.6574585635359116,181.0
"(10.65, 10.75]",96.37305699481865,1.0362694300518136,2.5906735751295336,193.0
"(10.75, 10.85]",98.73417721518987,0.6329113924050633,0.6329113924050633,158.0
"(10.85, 10.95]",96.5034965034965,1.3986013986013985,2.097902097902098,143.0
"(10.95, 11.05]",93.57142857142857,1.4285714285714286,5.0,140.0
"(11.05, 11.15]",99.27536231884058,0.0,0.7246376811594203,138.0
"(11.15, 11.25]",96.2406015037594,0.7518796992481203,3.007518796992481,133.0
"(11.25, 11.35]",94.82758620689656,0.8620689655172413,4.310344827586207,116.0
"(11.35, 11.45]",98.30508474576271,0.0,1.694915254237288,118.0
"(11.45, 11.55]",96.07843137254902,0.0,3.9215686274509802,102.0
"(11.55, 11.65]",98.11320754716981,0.9433962264150944,0.9433962264150944,106.0
"(11.65, 11.75]",98.10910125186408,0.9396209579060297,0.9512777902298931,76.0
"(11.75, 11.85]",98.10499495655834,0.935845689396965,0.9591593540446919,74.0
"(11.85, 11.95]",98.10088866125261,0.9320704208879004,0.9670409178594906,91.0
"(11.95, 12.05]",98.09678236594686,0.9282951523788356,0.9749224816742894,92.0
"(12.05, 12.15]",98.09267607064113,0.9245198838697709,0.9828040454890884,76.0
"(12.15, 12.25]",98.0885697753354,0.9207446153607063,0.9906856093038872,71.0
"(12.25, 12.35]",98.08446348002967,0.9169693468516416,0.9985671731186859,73.0
"(12.35, 12.45]",98.08035718472394,0.9131940783425769,1.0064487369334847,65.0
"(12.45, 12.55]",98.0762508894182,0.9094188098335122,1.0143303007482836,55.0
"(12.55, 12.65]",98.07214459411247,0.9056435413244475,1.0222118645630824,57.0
"(12.65, 12.75]",98.06803829880673,0.9018682728153828,1.030093428377881,58.0
"(12.75, 12.85]",98.063932003501,0.8980930043063181,1.03797499219268,49.0
"(12.85, 12.95]",98.05982570819526,0.8943177357972535,1.0458565560074786,38.0
"(12.95, 13.05]",98.05571941288953,0.8905424672881888,1.0537381198222775,48.0
"(13.05, 13.15]",98.0516131175838,0.886767198779124,1.0616196836370764,36.0
"(13.15, 13.25]",98.04750682227807,0.8829919302700594,1.0695012474518752,35.0
"(13.25, 13.35]",98.04340052697233,0.8792166617609947,1.077382811266674,30.0
"(13.35, 13.45]",98.03929423166659,0.87544139325193,1.0852643750814728,29.0
"(13.45, 13.55]",98.03518793636086,0.8716661247428654,1.0931459388962714,20.0
"(13.55, 13.65]",98.03108164105512,0.8678908562338006,1.1010275027110703,31.0
"(13.65, 13.75]",98.02697534574939,0.864115587724736,1.1089090665258692,22.0
"(13.75, 13.85]",98.02286905044366,0.8603403192156713,1.116790630340668,25.0
"(13.85, 13.95]",98.01876275513793,0.8565650507066066,1.1246721941554667,22.0
"(13.95, 14.05]",98.0146564598322,0.852789782197542,1.1325537579702656,27.0
"(14.05, 14.15]",98.01055016452645,0.8490145136884772,1.1404353217850645,18.0
"(14.15, 14.25]",98.00644386922072,0.8452392451794125,1.1483168855998631,23.0
"(14.25, 14.35]",98.00233757391499,0.8414639766703479,1.156198449414662,17.0
"(14.35, 14.45]",97.99823127860925,0.8376887081612832,1.1640800132294609,21.0
"(14.45, 14.55]",97.99412498330352,0.8339134396522185,1.1719615770442595,11.0
"(14.55, 14.65]",97.99001868799779,0.8301381711431538,1.1798431408590584,13.0
"(14.65, 14.75]",97.98591239269206,0.8263629026340891,1.1877247046738573,7.0
"(14.75, 14.85]",97.98180609738631,0.8225876341250244,1.195606268488656,6.0
"(14.85, 14.95]",97.97769980208058,0.8188123656159597,1.2034878323034548,9.0
"(14.95, 15.05]",97.97359350677485,0.8150370971068951,1.2113693961182537,9.0
"(15.05, 15.15]",97.96948721146912,0.8112618285978304,1.2192509599330523,9.0
"(15.15, 15.25]",97.96538091616338,0.8074865600887657,1.2271325237478512,11.0
"(15.25, 15.35]",97.96127462085765,0.803711291579701,1.23501408756265,2.0
"(15.35, 15.45]",97.95716832555192,0.7999360230706363,1.2428956513774487,7.0
"(15.45, 15.55]",97.95306203024617,0.7961607545615716,1.2507772151922476,5.0
"(15.55, 15.65]",97.94895573494044,0.7923854860525069,1.2586587790070465,8.0
"(15.65, 15.75]",97.94484943963471,0.7886102175434422,1.2665403428218451,7.0
"(15.75, 15.85]",97.94074314432898,0.7848349490343776,1.274421906636644,5.0
"(15.85, 15.95]",97.93663684902324,0.7810596805253129,1.2823034704514429,6.0
"(15.95, 16.05]",97.93253055371751,0.7772844120162482,1.2901850342662415,7.0
"(16.05, 16.15]",97.92842425841178,0.7735091435071835,1.2980665980810406,6.0
"(16.15, 16.25]",97.92431796310603,0.7697338749981188,1.305948161895839,0.0
"(16.25, 16.35]",97.9202116678003,0.7659586064890541,1.313829725710638,2.0
"(16.35, 16.45]",97.91610537249457,0.7621833379799894,1.321711289525437,1.0
"(16.45, 16.55]",97.91199907718884,0.7584080694709248,1.3295928533402357,3.0
"(16.55, 16.65]",97.9078927818831,0.75463280096186,1.3374744171550346,5.0
"(16.65, 16.75]",97.90378648657737,0.7508575324527955,1.3453559809698332,0.0
"(16.75, 16.85]",97.89968019127164,0.7470822639437307,1.353237544784632,3.0
"(16.85, 16.95]",97.8955738959659,0.7433069954346659,1.361119108599431,5.0
"(16.95, 17.05]",97.89146760066016,0.7395317269256014,1.3690006724142296,0.0
"(17.05, 17.15]",97.88736130535443,0.7357564584165366,1.3768822362290285,5.0
"(17.15, 17.25]",97.8832550100487,0.731981189907472,1.3847638000438272,2.0
"(17.25, 17.35]",97.87914871474297,0.7282059213984073,1.392645363858626,3.0
"(17.35, 17.45]",97.87504241943724,0.7244306528893425,1.400526927673425,3.0
"(17.45, 17.55]",97.8709361241315,0.7206553843802779,1.4084084914882236,3.0
"(17.55, 17.65]",97.86682982882576,0.7168801158712133,1.4162900553030227,2.0
"(17.65, 17.75]",97.86272353352003,0.7131048473621486,1.4241716191178213,0.0
"(17.75, 17.85]",97.8586172382143,0.7093295788530838,1.43205318293262,2.0
"(17.85, 17.95]",97.85451094290856,0.7055543103440192,1.439934746747419,0.0
"(17.95, 18.05]",97.85040464760283,0.7017790418349545,1.4478163105622177,1.0
"(18.05, 18.15]",97.8462983522971,0.6980037733258897,1.4556978743770166,3.0
"(18.15, 18.25]",97.84219205699137,0.6942285048168252,1.4635794381918152,1.0
"(18.25, 18.35]",97.83808576168562,0.6904532363077605,1.4714610020066141,0.0
"(18.35, 18.45]",97.83397946637989,0.6866779677986956,1.479342565821413,2.0
"(18.45, 18.55]",97.82987317107415,0.6829026992896311,1.4872241296362116,2.0
"(18.55, 18.65]",97.82576687576842,0.6791274307805664,1.4951056934510105,0.0
"(18.65, 18.75]",97.82166058046269,0.6753521622715017,1.5029872572658092,2.0
"(18.75, 18.85]",97.81755428515696,0.671576893762437,1.5108688210806083,1.0
"(18.85, 18.95]",97.81344798985123,0.6678016252533723,1.518750384895407,0.0
"(18.95, 19.05]",97.80934169454548,0.6640263567443077,1.5266319487102056,2.0
"(19.05, 19.15]",97.80523539923975,0.6602510882352429,1.5345135125250047,2.0
"(19.15, 19.25]",97.80112910393402,0.6564758197261783,1.5423950763398033,3.0
"(19.25, 19.35]",97.79702280862828,0.6527005512171136,1.550276640154602,0.0
"(19.35, 19.45]",97.79291651332255,0.6489252827080488,1.558158203969401,0.0
"(19.45, 19.55]",97.78881021801682,0.6451500141989842,1.5660397677841997,2.0
"(19.55, 19.65]",97.78470392271109,0.6413747456899195,1.5739213315989986,1.0
"(19.65, 19.75]",97.78059762740534,0.6375994771808549,1.5818028954137973,2.0
"(19.75, 19.85]",97.77649133209961,0.6338242086717901,1.5896844592285961,1.0
"(19.85, 19.95]",97.77238503679388,0.6300489401627254,1.5975660230433952,0.0
"(19.95, 20.05]",97.76827874148815,0.6262736716536608,1.6054475868581937,20119.0
"(20.05, ∞)",95.0,5.0,0.0,101.0
