Interval,WinningChance,DrawingChance,LosingChance,TotalGames
"(-∞, -20.05]",0.0,0.0,100.0,101.0
"(-20.05, -19.95]",0.0,0.0,100.0,172.0
"(-19.95, -19.85]",0.018533963488092192,0.4540821054582586,99.52738393105365,0.0
"(-19.85, -19.75]",0.037067926976183725,0.9081642109165011,99.05476786210731,0.0
"(-19.75, -19.65]",0.05560189046427592,1.3622463163747598,98.58215179316096,0.0
"(-19.65, -19.55]",0.0741358539523681,1.8163284218330185,98.10953572421461,0.0
"(-19.55, -19.45]",0.09266981744045964,2.270410527291261,97.63691965526827,0.0
"(-19.45, -19.35]",0.11120378092855183,2.7244926327495196,97.16430358632192,0.0
"(-19.35, -19.25]",0.12973774441664337,3.1785747382077623,96.6916875173756,0.0
"(-19.25, -19.15]",0.14827170790473557,3.6326568436660205,96.21907144842925,0.0
"(-19.15, -19.05]",0.16680567139282776,4.086738949124279,95.7464553794829,0.0
"(-19.05, -18.95]",0.18533963488091929,4.540821054582522,95.27383931053656,0.0
"(-18.95, -18.85]",0.20387359836901148,4.9949031600407805,94.80122324159021,0.0
"(-18.85, -18.75]",0.222407561857103,5.448985265499023,94.32860717264387,0.0
"(-18.75, -18.65]",0.2409415253451952,5.903067370957282,93.85599110369752,0.0
"(-18.65, -18.55]",0.2594754888332874,6.3571494764155405,93.38337503475117,0.0
"(-18.55, -18.45]",0.2780094523213789,6.811231581873782,92.91075896580483,0.0
"(-18.45, -18.35]",0.29654341580947113,7.265313687332041,92.43814289685848,0.0
"(-18.35, -18.25]",0.31507737929756263,7.719395792790284,91.96552682791216,0.0
"(-18.25, -18.15]",0.33361134278565485,8.173477898248542,91.4929107589658,0.0
"(-18.15, -18.05]",0.352145306273747,8.627560003706801,91.02029469001945,0.0
"(-18.05, -17.95]",0.37067926976183857,9.081642109165044,90.54767862107312,0.0
"(-17.95, -17.85]",0.38921323324993073,9.535724214623302,90.07506255212677,0.0
"(-17.85, -17.75]",0.4077471967380223,9.989806320081545,89.60244648318043,0.0
"(-17.75, -17.65]",0.4262811602261145,10.443888425539804,89.12983041423408,0.0
"(-17.65, -17.55]",0.4448151237142067,10.897970530998062,88.65721434528773,0.0
"(-17.55, -17.45]",0.4633490872022982,11.352052636456305,88.18459827634139,0.0
"(-17.45, -17.35]",0.4818830506903904,11.806134741914564,87.71198220739504,0.0
"(-17.35, -17.25]",0.500417014178482,12.260216847372806,87.23936613844872,0.0
"(-17.25, -17.15]",0.5189509776665742,12.714298952831065,86.76675006950236,0.0
"(-17.15, -17.05]",0.5374849411546663,13.168381058289324,86.29413400055601,0.0
"(-17.05, -16.95]",0.5560189046427578,13.622463163747565,85.82151793160968,0.0
"(-16.95, -16.85]",0.57455286813085,14.076545269205823,85.34890186266333,0.0
"(-16.85, -16.75]",0.5930868316189416,14.530627374664066,84.87628579371699,0.0
"(-16.75, -16.65]",0.6116207951070338,14.984709480122325,84.40366972477064,0.0
"(-16.65, -16.55]",0.6301547585951259,15.438791585580583,83.93105365582429,0.0
"(-16.55, -16.45]",0.6486887220832175,15.892873691038826,83.45843758687795,0.0
"(-16.45, -16.35]",0.6672226855713097,16.346955796497085,82.9858215179316,0.0
"(-16.35, -16.25]",0.6857566490594013,16.80103790195533,82.51320544898527,0.0
"(-16.25, -16.15]",0.7042906125474934,17.255120007413588,82.04058938003891,0.0
"(-16.15, -16.05]",0.7228245760355856,17.709202112871846,81.56797331109257,0.0
"(-16.05, -15.95]",0.7413585395236771,18.163284218330087,81.09535724214624,0.0
"(-15.95, -15.85]",0.7598925030117694,18.617366323788346,80.62274117319988,0.0
"(-15.85, -15.75]",0.7784264664998612,19.071448429246598,80.15012510425353,0.0
"(-15.75, -15.65]",0.796960429987953,19.525530534704846,79.6775090353072,0.0
"(-15.65, -15.55]",0.8154943934760449,19.979612640163097,79.20489296636086,0.0
"(-15.55, -15.45]",0.8340283569641368,20.43369474562135,78.73227689741451,0.0
"(-15.45, -15.35]",0.852562320452229,20.887776851079607,78.25966082846816,0.0
"(-15.35, -15.25]",0.8710962839403208,21.34185895653786,77.78704475952182,0.0
"(-15.25, -15.15]",0.8896302474284127,21.795941061996107,77.31442869057548,0.0
"(-15.15, -15.05]",0.9081642109165046,22.25002316745436,76.84181262162913,0.0
"(-15.05, -14.95]",0.9266981744045965,22.70410527291261,76.3691965526828,0.0
"(-14.95, -14.85]",0.9452321378926886,23.15818737837087,75.89658048373644,0.0
"(-14.85, -14.75]",0.9637661013807804,23.612269483829117,75.42396441479009,0.0
"(-14.75, -14.65]",0.9823000648688723,24.06635158928737,74.95134834584375,0.0
"(-14.65, -14.55]",1.0008340283569641,24.52043369474562,74.4787322768974,0.0
"(-14.55, -14.45]",1.019367991845056,24.97451580020387,74.00611620795107,0.0
"(-14.45, -14.35]",1.0379019553331483,25.42859790566213,73.53350013900472,0.0
"(-14.35, -14.25]",1.0564359188212402,25.882680011120378,73.06088407005838,0.0
"(-14.25, -14.15]",1.0749698823093319,26.33676211657863,72.58826800111203,0.0
"(-14.15, -14.05]",1.0935038457974238,26.79084422203688,72.11565193216569,0.0
"(-14.05, -13.95]",1.1120378092855157,27.24492632749513,71.64303586321935,0.0
"(-13.95, -13.85]",1.130571772773608,27.699008432953388,71.170419794273,0.0
"(-13.85, -13.75]",1.1491057362616999,28.15309053841164,70.69780372532665,0.0
"(-13.75, -13.65]",1.1676396997497915,28.60717264386989,70.22518765638031,0.0
"(-13.65, -13.55]",1.1861736632378834,29.061254749328143,69.75257158743398,0.0
"(-13.55, -13.45]",1.2047076267259753,29.51533685478639,69.27995551848763,0.0
"(-13.45, -13.35]",1.2232415902140676,29.96941896024465,68.80733944954127,0.0
"(-13.35, -13.25]",1.2417755537021593,30.4235010657029,68.33472338059494,0.0
"(-13.25, -13.15]",1.2603095171902512,30.877583171161152,67.8621073116486,0.0
"(-13.15, -13.05]",1.278843480678343,31.331665276619404,67.38949124270225,0.0
"(-13.05, -12.95]",1.297377444166435,31.785747382077652,66.9168751737559,0.0
"(-12.95, -12.85]",1.315911407654527,32.239829487535914,66.44425910480956,0.0
"(-12.85, -12.75]",1.334445371142619,32.69391159299416,65.97164303586321,0.0
"(-12.75, -12.65]",1.3529793346307109,33.14799369845241,65.49902696691687,0.0
"(-12.65, -12.55]",1.3715132981188027,33.602075803910665,65.02641089797052,1.0
"(-12.55, -12.45]",1.3900472616068946,34.05615790936891,64.55379482902418,0.0
"(-12.45, -12.35]",1.4085812250949867,34.510240014827176,64.08117876007783,0.0
"(-12.35, -12.25]",1.4271151885830786,34.96432212028542,63.60856269113149,0.0
"(-12.25, -12.15]",1.4456491520711705,35.41840422574367,63.13594662218515,0.0
"(-12.15, -12.05]",1.4641831155592624,35.87248633120193,62.66333055323881,0.0
"(-12.05, -11.95]",1.4827170790473543,36.326568436660175,62.190714484292464,0.0
"(-11.95, -11.85]",1.5012510425354464,36.78065054211843,61.71809841534611,0.0
"(-11.85, -11.75]",1.5197850060235383,37.234732647576685,61.24548234639977,0.0
"(-11.75, -11.65]",1.5383189695116302,37.68881475303493,60.772866277453424,0.0
"(-11.65, -11.55]",1.556852932999722,38.14289685849319,60.30025020850709,0.0
"(-11.55, -11.45]",1.575386896487814,38.596978963951436,59.82763413956074,0.0
"(-11.45, -11.35]",1.593920859975906,39.05106106940969,59.35501807061439,0.0
"(-11.35, -11.25]",1.612454823463998,39.505143174867946,58.88240200166805,0.0
"(-11.25, -11.15]",1.6309887869520898,39.959225280326194,58.409785932721704,0.0
"(-11.15, -11.05]",1.6495227504401817,40.41330738578445,57.93716986377537,0.0
"(-11.05, -10.95]",1.6680567139282736,40.8673894912427,57.46455379482902,0.0
"(-10.95, -10.85]",1.6865906774163657,41.32147159670095,56.99193772588267,0.0
"(-10.85, -10.75]",1.7051246409044576,41.77555370215921,56.51932165693633,0.0
"(-10.75, -10.65]",1.7236586043925495,42.229635807617456,56.04670558798998,0.0
"(-10.65, -10.55]",1.7421925678806414,42.683717913075704,55.574089519043646,0.0
"(-10.55, -10.45]",1.7607265313687332,43.13780001853396,55.1014734500973,0.0
"(-10.45, -10.35]",1.7792604948568254,43.591882123992214,54.62885738115095,0.0
"(-10.35, -10.25]",1.7977944583449172,44.04596422945047,54.15624131220461,0.0
"(-10.25, -10.15]",1.8163284218330091,44.50004633490872,53.68362524325826,0.0
"(-10.15, -10.05]",1.834862385321101,44.954128440366965,53.211009174311926,0.0
"(-10.05, -9.95]",1.853396348809193,45.40821054582522,52.73839310536558,0.0
"(-9.95, -9.85]",1.871930312297285,45.862292651283475,52.26577703641923,0.0
"(-9.85, -9.75]",1.890464275785377,46.31637475674173,51.793160967472886,4.0
"(-9.75, -9.65]",1.9089982392734688,46.77045686219998,51.32054489852654,0.0
"(-9.65, -9.55]",1.9275322027615607,47.224538967658226,50.8479288295802,0.0
"(-9.55, -9.45]",1.9460661662496526,47.67862107311648,50.37531276063386,0.0
"(-9.45, -9.35]",1.9646001297377447,48.13270317857474,49.90269669168751,1.0
"(-9.35, -9.25]",1.9831340932258366,48.58678528403299,49.430080622741166,0.0
"(-9.25, -9.15]",2.0016680567139282,49.04086738949124,48.95746455379482,1.0
"(-9.15, -9.05]",2.0202020202020203,49.49494949494949,48.48484848484848,2.0
"(-9.05, -8.95]",2.038735983690112,49.94903160040774,48.01223241590214,1.0
"(-8.95, -8.85]",2.057269947178204,50.403113705866,47.53961634695579,3.0
"(-8.85, -8.75]",2.075803910666296,50.857195811324246,47.067000278009445,1.0
"(-8.75, -8.65]",2.094337874154388,51.3112779167825,46.5943842090631,0.0
"(-8.65, -8.55]",2.11287183764248,51.76536002224075,46.12176814011676,0.0
"(-8.55, -8.45]",2.1314058011305717,52.219442127699004,45.64915207117042,0.0
"(-8.45, -8.35]",2.1499397646186638,52.67352423315726,45.17653600222407,0.0
"(-8.35, -8.25]",2.168473728106756,53.12760633861551,44.703919933277724,0.0
"(-8.25, -8.15]",2.1870076915948475,53.58168844407376,44.23130386433138,1.0
"(-8.15, -8.05]",2.2055416550829396,54.03577054953201,43.758687795385036,0.0
"(-8.05, -7.95]",2.2240756185710313,54.48985265499026,43.28607172643869,2.0
"(-7.95, -7.85]",2.2426095820591234,54.94393476044852,42.81345565749235,3.0
"(-7.85, -7.75]",2.2611435455472155,55.39801686590677,42.340839588546004,2.0
"(-7.75, -7.65]",2.279677509035307,55.852098971365024,41.86822351959966,0.0
"(-7.65, -7.55]",2.2982114725233993,56.30618107682327,41.395607450653316,0.0
"(-7.55, -7.45]",2.316745436011491,56.76026318228152,40.92299138170697,1.0
"(-7.45, -7.35]",2.335279399499583,57.21434528773978,40.45037531276062,0.0
"(-7.35, -7.25]",2.353813362987675,57.66842739319803,39.97775924381428,2.0
"(-7.25, -7.15]",2.372347326475767,58.122509498656285,39.50514317486794,1.0
"(-7.15, -7.05]",2.390881289963859,58.57659160411453,39.032527105921595,0.0
"(-7.05, -6.95]",2.4094152534519506,59.03067370957278,38.55991103697525,0.0
"(-6.95, -6.85]",2.4279492169400427,59.48475581503104,38.0872949680289,0.0
"(-6.85, -6.75]",2.446483180428135,59.93883792048929,37.61467889908256,1.0
"(-6.75, -6.65]",2.4650171439162265,60.39292002594755,37.14206283013622,0.0
"(-6.65, -6.55]",2.4835511074043186,60.847002131405795,36.669446761189874,0.0
"(-6.55, -6.45]",2.5020850708924103,61.30108423686404,36.19683069224353,1.0
"(-6.45, -6.35]",2.5206190343805024,61.755166342322305,35.724214623297186,1.0
"(-6.35, -6.25]",2.5391529978685945,62.20924844778055,35.251598554350835,2.0
"(-6.25, -6.15]",2.557686961356686,62.66333055323881,34.7789824854045,2.0
"(-6.15, -6.05]",2.5762209248447783,63.117412658697056,34.30636641645816,0.0
"(-6.05, -5.95]",2.59475488833287,63.571494764155304,33.83375034751181,1.0
"(-5.95, -5.85]",2.613288851820962,64.02557686961356,33.36113427856546,2.0
"(-5.85, -5.75]",2.631822815309054,64.47965897507181,32.88851820961912,1.0
"(-5.75, -5.65]",2.650356778797146,64.93374108053007,32.41590214067277,3.0
"(-5.65, -5.55]",2.668890742285238,65.38782318598831,31.943286071726433,12.0
"(-5.55, -5.45]",2.6874247057733296,65.84190529144657,31.470670002780096,7.0
"(-5.45, -5.35]",2.7059586692614217,66.29598739690482,30.998053933833745,5.0
"(-5.35, -5.25]",2.724492632749514,66.75006950236308,30.525437864887394,13.0
"(-5.25, -5.15]",2.7430265962376055,67.20415160782133,30.052821795941057,5.0
"(-5.15, -5.05]",2.7615605597256976,67.65823371327957,29.580205726994706,0.0
"(-5.05, -4.95]",2.7800945232137892,68.11231581873783,29.10758965804837,6.0
"(-4.95, -4.85]",2.7986284867018814,68.56639792419608,28.634973589102017,11.0
"(-4.85, -4.75]",2.8171624501899735,69.02048002965434,28.16235752015568,6.0
"(-4.75, -4.65]",2.835696413678065,69.47456213511259,27.68974145120933,3.0
"(-4.65, -4.55]",2.8542303771661572,69.92864424057083,27.217125382262992,2.0
"(-4.55, -4.45]",2.872764340654249,70.38272634602909,26.744509313316655,1.0
"(-4.45, -4.35]",2.891298304142341,70.83680845148734,26.271893244370304,4.0
"(-4.35, -4.25]",2.909832267630433,71.2908905569456,25.799277175423953,4.0
"(-4.25, -4.15]",2.928366231118525,71.74497266240385,25.326661106477616,3.0
"(-4.15, -4.05]",2.946900194606617,72.1990547678621,24.854045037531264,1.0
"(-4.05, -3.95]",2.9654341580947086,72.65313687332035,24.381428968584927,5.0
"(-3.95, -3.85]",2.9839681215828007,73.1072189787786,23.908812899638576,7.0
"(-3.85, -3.75]",3.0025020850708923,73.56130108423685,23.43619683069224,4.0
"(-3.75, -3.65]",3.0210360485589844,74.01538318969511,22.963580761745888,3.0
"(-3.65, -3.55]",3.0395700120470766,74.46946529515337,22.490964692799537,4.0
"(-3.55, -3.45]",3.058103975535168,74.92354740061161,22.0183486238532,7.0
"(-3.45, -3.35]",3.0766379390232603,75.37762950606987,21.54573255490685,3.0
"(-3.35, -3.25]",3.095171902511352,75.8317116115281,21.073116485960526,4.0
"(-3.25, -3.15]",3.113705865999444,76.28579371698638,20.600500417014175,6.0
"(-3.15, -3.05]",3.132239829487536,76.73987582244463,20.127884348067823,1.0
"(-3.05, -2.95]",3.150773792975628,77.19395792790287,19.655268279121486,2.0
"(-2.95, -2.85]",3.16930775646372,77.64804003336113,19.182652210175135,4.0
"(-2.85, -2.75]",3.1878417199518116,78.10212213881937,18.710036141228798,3.0
"(-2.75, -2.65]",3.2063756834399038,78.55620424427764,18.237420072282447,1.0
"(-2.65, -2.55]",3.224909646927996,79.01028634973589,17.764804003336096,1.0
"(-2.55, -2.45]",3.2434436104160875,79.46436845519413,17.29218793438976,4.0
"(-2.45, -2.35]",3.2619775739041796,79.91845056065239,16.819571865443407,5.0
"(-2.35, -2.25]",3.2805115373922713,80.37253266611063,16.346955796497085,3.0
"(-2.25, -2.15]",3.2990455008803634,80.8266147715689,15.874339727550733,4.0
"(-2.15, -2.05]",3.3175794643684555,81.28069687702715,15.401723658604382,7.0
"(-2.05, -1.95]",3.336113427856547,81.7347789824854,14.929107589658045,7.0
"(-1.95, -1.85]",3.3546473913446393,82.18886108794365,14.456491520711694,2.0
"(-1.85, -1.75]",3.373181354832731,82.64294319340189,13.983875451765357,3.0
"(-1.75, -1.65]",3.391715318320823,83.09702529886015,13.511259382819006,4.0
"(-1.65, -1.55]",3.410249281808915,83.55110740431842,13.038643313872655,0.0
"(-1.55, -1.45]",3.428783245297007,84.00518950977666,12.566027244926318,8.0
"(-1.45, -1.35]",3.447317208785099,84.45927161523491,12.093411175979966,3.0
"(-1.35, -1.25]",3.4658511722731906,84.91335372069315,11.620795107033643,1.0
"(-1.25, -1.15]",3.4843851357612827,85.36743582615141,11.148179038087292,3.0
"(-1.15, -1.05]",3.502919099249375,85.82151793160968,10.675562969140941,1.0
"(-1.05, -0.95]",3.5214530627374665,86.27560003706792,10.202946900194604,10.0
"(-0.95, -0.85]",3.5399870262255586,86.72968214252617,9.730330831248253,8.0
"(-0.85, -0.75]",3.5585209897136503,87.18376424798441,9.257714762301916,2.0
"(-0.75, -0.65]",3.5770549532017424,87.63784635344267,8.785098693355565,1.0
"(-0.65, -0.55]",3.5955889166898345,88.09192845890094,8.312482624409213,2.0
"(-0.55, -0.45]",3.614122880177926,88.54601056435918,7.839866555462876,3.0
"(-0.45, -0.35]",3.6326568436660183,89.00009266981743,7.367250486516525,24.0
"(-0.35, -0.25]",3.65119080715411,89.45417477527567,6.894634417570202,57.0
"(-0.25, -0.15]",3.669724770642202,89.90825688073394,6.422018348623854,109.0
"(-0.15, -0.05]",1.744186046511628,90.11627906976744,8.13953488372093,172.0
"(-0.05, 0.05]",6.580211335254563,88.85686839577329,4.5629202689721415,2082.0
"(0.05, 0.15]",17.763157894736842,80.26315789473685,1.9736842105263157,152.0
"(0.15, 0.25]",18.14460376499419,79.89163003558767,1.9637661994181432,90.0
"(0.25, 0.35]",18.526049635251542,79.5201021764385,1.9538481883099708,86.0
"(0.35, 0.45]",18.90749550550889,79.14857431728932,1.9439301772017983,21.0
"(0.45, 0.55]",19.28894137576624,78.77704645814015,1.934012166093626,2.0
"(0.55, 0.65]",19.67038724602359,78.40551859899097,1.9240941549854536,4.0
"(0.65, 0.75]",20.05183311628094,78.03399073984178,1.914176143877281,2.0
"(0.75, 0.85]",20.433278986538287,77.66246288069262,1.9042581327691086,1.0
"(0.85, 0.95]",20.814724856795635,77.29093502154343,1.8943401216609361,3.0
"(0.95, 1.05]",21.196170727052987,76.91940716239425,1.8844221105527637,6.0
"(1.05, 1.15]",21.577616597310335,76.54787930324508,1.8745040994445912,6.0
"(1.15, 1.25]",21.959062467567684,76.1763514440959,1.864586088336419,1.0
"(1.25, 1.35]",22.340508337825035,75.80482358494673,1.8546680772282464,0.0
"(1.35, 1.45]",22.721954208082384,75.43329572579755,1.844750066120074,0.0
"(1.45, 1.55]",23.10340007833973,75.06176786664837,1.8348320550119015,3.0
"(1.55, 1.65]",23.484845948597084,74.6902400074992,1.824914043903729,4.0
"(1.65, 1.75]",23.86629181885443,74.31871214835002,1.8149960327955568,5.0
"(1.75, 1.85]",24.24773768911178,73.94718428920083,1.8050780216873843,6.0
"(1.85, 1.95]",24.62918355936913,73.57565643005167,1.7951600105792118,7.0
"(1.95, 2.05]",25.01062942962648,73.20412857090248,1.7852419994710393,4.0
"(2.05, 2.15]",25.392075299883828,72.83260071175332,1.7753239883628669,6.0
"(2.15, 2.25]",25.77352117014118,72.46107285260413,1.7654059772546944,5.0
"(2.25, 2.35]",26.15496704039853,72.08954499345495,1.755487966146522,14.0
"(2.35, 2.45]",26.53641291065588,71.71801713430578,1.7455699550383494,3.0
"(2.45, 2.55]",26.917858780913228,71.3464892751566,1.735651943930177,8.0
"(2.55, 2.65]",27.299304651170576,70.97496141600743,1.7257339328220047,8.0
"(2.65, 2.75]",27.680750521427925,70.60343355685825,1.7158159217138322,6.0
"(2.75, 2.85]",28.062196391685276,70.23190569770907,1.7058979106056598,2.0
"(2.85, 2.95]",28.443642261942628,69.8603778385599,1.6959798994974873,10.0
"(2.95, 3.05]",28.825088132199976,69.48884997941072,1.6860618883893148,5.0
"(3.05, 3.15]",29.206534002457325,69.11732212026155,1.6761438772811426,3.0
"(3.15, 3.25]",29.587979872714673,68.74579426111237,1.66622586617297,5.0
"(3.25, 3.35]",29.96942574297202,68.37426640196318,1.6563078550647976,2.0
"(3.35, 3.45]",30.350871613229373,68.002738542814,1.6463898439566251,2.0
"(3.45, 3.55]",30.732317483486725,67.63121068366483,1.6364718328484527,0.0
"(3.55, 3.65]",31.11376335374407,67.25968282451565,1.6265538217402802,2.0
"(3.65, 3.75]",31.49520922400142,66.88815496536648,1.6166358106321077,0.0
"(3.75, 3.85]",31.87665509425877,66.5166271062173,1.6067177995239352,2.0
"(3.85, 3.95]",32.25810096451612,66.14509924706812,1.5967997884157628,0.0
"(3.95, 4.05]",32.63954683477347,65.77357138791895,1.5868817773075905,1.0
"(4.05, 4.15]",33.02099270503082,65.40204352876977,1.576963766199418,2.0
"(4.15, 4.25]",33.40243857528817,65.0305156696206,1.5670457550912456,1.0
"(4.25, 4.35]",33.78388444554552,64.65898781047142,1.557127743983073,3.0
"(4.35, 4.45]",34.16533031580286,64.28745995132223,1.5472097328749008,4.0
"(4.45, 4.55]",34.546776186060214,63.915932092173065,1.5372917217667283,3.0
"(4.55, 4.65]",34.928222056317566,63.54440423302388,1.5273737106585559,4.0
"(4.65, 4.75]",35.30966792657492,63.17287637387471,1.5174556995503834,5.0
"(4.75, 4.85]",35.69111379683226,62.80134851472553,1.507537688442211,6.0
"(4.85, 4.95]",36.07255966708961,62.42982065557635,1.4976196773340384,6.0
"(4.95, 5.05]",36.45400553734696,62.058292796427175,1.487701666225866,7.0
"(5.05, 5.15]",36.83545140760431,61.686764937278,1.4777836551176935,9.0
"(5.15, 5.25]",37.21689727786166,61.31523707812882,1.467865644009521,18.0
"(5.25, 5.35]",37.598343148119014,60.94370921897965,1.4579476329013485,7.0
"(5.35, 5.45]",37.97978901837636,60.572181359830466,1.4480296217931763,11.0
"(5.45, 5.55]",38.36123488863371,60.20065350068129,1.4381116106850038,8.0
"(5.55, 5.65]",38.742680758891055,59.829125641532116,1.4281935995768313,3.0
"(5.65, 5.75]",39.12412662914841,59.45759778238293,1.4182755884686589,11.0
"(5.75, 5.85]",39.50557249940576,59.086069923233765,1.4083575773604866,3.0
"(5.85, 5.95]",39.88701836966311,58.71454206408458,1.3984395662523141,4.0
"(5.95, 6.05]",40.26846423992046,58.34301420493541,1.3885215551441417,1.0
"(6.05, 6.15]",40.64991011017781,57.97148634578623,1.3786035440359692,4.0
"(6.15, 6.25]",41.03135598043515,57.59995848663705,1.3686855329277967,1.0
"(6.25, 6.35]",41.4128018506925,57.228430627487874,1.3587675218196242,6.0
"(6.35, 6.45]",41.794247720949855,56.8569027683387,1.3488495107114518,3.0
"(6.45, 6.55]",42.17569359120721,56.48537490918952,1.3389314996032793,4.0
"(6.55, 6.65]",42.55713946146455,56.11384705004035,1.329013488495107,3.0
"(6.65, 6.75]",42.9385853317219,55.742319190891166,1.3190954773869343,0.0
"(6.75, 6.85]",43.32003120197925,55.37079133174199,1.309177466278762,2.0
"(6.85, 6.95]",43.7014770722366,54.999263472592816,1.2992594551705898,1.0
"(6.95, 7.05]",44.08292294249395,54.62773561344363,1.2893414440624171,3.0
"(7.05, 7.15]",44.4643688127513,54.256207754294465,1.2794234329542449,1.0
"(7.15, 7.25]",44.845814683008655,53.88467989514528,1.2695054218460724,1.0
"(7.25, 7.35]",45.227260553266,53.51315203599611,1.2595874107379,1.0
"(7.35, 7.45]",45.608706423523344,53.14162417684693,1.2496693996297275,0.0
"(7.45, 7.55]",45.990152293780696,52.77009631769775,1.239751388521555,2.0
"(7.55, 7.65]",46.37159816403805,52.398568458548574,1.2298333774133825,1.0
"(7.65, 7.75]",46.7530440342954,52.0270405993994,1.21991536630521,0.0
"(7.75, 7.85]",47.134489904552744,51.65551274025022,1.2099973551970375,1.0
"(7.85, 7.95]",47.51593577481009,51.28398488110105,1.2000793440888653,3.0
"(7.95, 8.05]",47.89738164506744,50.912457021951866,1.1901613329806926,3.0
"(8.05, 8.15]",48.27882751532479,50.54092916280269,1.1802433218725203,0.0
"(8.15, 8.25]",48.660273385582144,50.169401303653515,1.170325310764348,0.0
"(8.25, 8.35]",49.04171925583949,49.79787344450434,1.1604072996561756,1.0
"(8.35, 8.45]",49.42316512609683,49.426345585355165,1.1504892885480031,0.0
"(8.45, 8.55]",49.804610996354185,49.05481772620599,1.1405712774398307,0.0
"(8.55, 8.65]",50.18605686661154,48.68328986705681,1.1306532663316582,1.0
"(8.65, 8.75]",50.56750273686889,48.31176200790763,1.1207352552234857,0.0
"(8.75, 8.85]",50.94894860712623,47.94023414875846,1.1108172441153132,0.0
"(8.85, 8.95]",51.330394477383585,47.56870628960928,1.1008992330071408,0.0
"(8.95, 9.05]",51.71184034764093,47.197178430460106,1.0909812218989685,0.0
"(9.05, 9.15]",52.09328621789829,46.82565057131092,1.0810632107907958,0.0
"(9.15, 9.25]",52.47473208815563,46.45412271216175,1.0711451996826236,0.0
"(9.25, 9.35]",52.856177958412985,46.08259485301257,1.061227188574451,0.0
"(9.35, 9.45]",53.23762382867033,45.71106699386339,1.0513091774662788,0.0
"(9.45, 9.55]",53.61906969892768,45.339539134714215,1.0413911663581064,5.0
"(9.55, 9.65]",54.00051556918503,44.96801127556503,1.0314731552499337,0.0
"(9.65, 9.75]",54.38196143944238,44.59648341641586,1.0215551441417614,0.0
"(9.75, 9.85]",54.76340730969973,44.22495555726668,1.011637133033589,0.0
"(9.85, 9.95]",55.144853179957074,43.85342769811751,1.0017191219254165,1.0
"(9.95, 10.05]",55.526299050214426,43.48189983896833,0.9918011108172441,0.0
"(10.05, 10.15]",55.90774492047178,43.11037197981915,0.9818830997090715,0.0
"(10.15, 10.25]",56.28919079072913,42.738844120669974,0.971965088600899,1.0
"(10.25, 10.35]",56.670636660986474,42.3673162615208,0.9620470774927268,0.0
"(10.35, 10.45]",57.052082531243826,41.99578840237162,0.9521290663845543,1.0
"(10.45, 10.55]",57.43352840150117,41.62426054322245,0.9422110552763818,1.0
"(10.55, 10.65]",57.81497427175853,41.252732684073266,0.9322930441682094,0.0
"(10.65, 10.75]",58.196420142015874,40.88120482492409,0.9223750330600369,0.0
"(10.75, 10.85]",58.577866012273226,40.509676965774915,0.9124570219518644,0.0
"(10.85, 10.95]",58.95931188253057,40.13814910662574,0.9025390108436921,0.0
"(10.95, 11.05]",59.340757752787916,39.766621247476564,0.8926209997355197,0.0
"(11.05, 11.15]",59.722203623045274,39.39509338832738,0.882702988627347,1.0
"(11.15, 11.25]",60.10364949330262,39.02356552917821,0.8727849775191747,1.0
"(11.25, 11.35]",60.48509536355997,38.65203767002903,0.8628669664110022,0.0
"(11.35, 11.45]",60.866541233817316,38.280509810879856,0.8529489553028298,0.0
"(11.45, 11.55]",61.24798710407467,37.90898195173068,0.8430309441946575,0.0
"(11.55, 11.65]",61.62943297433202,37.5374540925815,0.8331129330864848,0.0
"(11.65, 11.75]",62.01087884458937,37.16592623343232,0.8231949219783126,0.0
"(11.75, 11.85]",62.392324714846715,36.79439837428315,0.8132769108701401,1.0
"(11.85, 11.95]",62.77377058510407,36.42287051513397,0.8033588997619676,1.0
"(11.95, 12.05]",63.15521645536141,36.05134265598479,0.7934408886537951,1.0
"(12.05, 12.15]",63.53666232561877,35.679814796835615,0.7835228775456227,1.0
"(12.15, 12.25]",63.918108195876115,35.30828693768643,0.7736048664374502,0.0
"(12.25, 12.35]",64.29955406613345,34.93675907853726,0.7636868553292779,1.0
"(12.35, 12.45]",64.6809999363908,34.56523121938808,0.7537688442211055,0.0
"(12.45, 12.55]",65.06244580664816,34.193703360238906,0.743850833112933,0.0
"(12.55, 12.65]",65.44389167690551,33.822175501089724,0.7339328220047605,0.0
"(12.65, 12.75]",65.82533754716286,33.45064764194055,0.724014810896588,1.0
"(12.75, 12.85]",66.20678341742021,33.07911978279137,0.7140967997884156,0.0
"(12.85, 12.95]",66.58822928767756,32.7075919236422,0.7041787886802433,0.0
"(12.95, 13.05]",66.96967515793492,32.33606406449302,0.6942607775720708,0.0
"(13.05, 13.15]",67.35112102819227,31.96453620534384,0.6843427664638984,0.0
"(13.15, 13.25]",67.73256689844962,31.593008346194665,0.6744247553557259,0.0
"(13.25, 13.35]",68.11401276870696,31.22148048704549,0.6645067442475534,0.0
"(13.35, 13.45]",68.49545863896431,30.849952627896315,0.6545887331393809,0.0
"(13.45, 13.55]",68.87690450922165,30.47842476874714,0.6446707220312087,0.0
"(13.55, 13.65]",69.258350379479,30.106896909597957,0.634752710923036,0.0
"(13.65, 13.75]",69.63979624973635,29.73536905044878,0.6248346998148637,0.0
"(13.75, 13.85]",70.0212421199937,29.363841191299606,0.6149166887066913,0.0
"(13.85, 13.95]",70.40268799025105,28.99231333215043,0.6049986775985188,0.0
"(13.95, 14.05]",70.7841338605084,28.620785473001256,0.5950806664903463,0.0
"(14.05, 14.15]",71.16557973076576,28.249257613852073,0.5851626553821738,0.0
"(14.15, 14.25]",71.54702560102311,27.877729754702898,0.5752446442740013,0.0
"(14.25, 14.35]",71.92847147128046,27.506201895553723,0.5653266331658291,0.0
"(14.35, 14.45]",72.3099173415378,27.134674036404547,0.5554086220576566,0.0
"(14.45, 14.55]",72.69136321179515,26.763146177255372,0.5454906109494841,0.0
"(14.55, 14.65]",73.0728090820525,26.39161831810619,0.5355725998413117,0.0
"(14.65, 14.75]",73.45425495230985,26.020090458957014,0.5256545887331392,0.0
"(14.75, 14.85]",73.83570082256719,25.648562599807832,0.5157365776249667,0.0
"(14.85, 14.95]",74.21714669282454,25.277034740658657,0.5058185665167945,0.0
"(14.95, 15.05]",74.5985925630819,24.90550688150948,0.495900555408622,0.0
"(15.05, 15.15]",74.98003843333925,24.5339790223603,0.4859825443004493,0.0
"(15.15, 15.25]",75.3614843035966,24.162451163211124,0.47606453319227704,0.0
"(15.25, 15.35]",75.74293017385395,23.79092330406195,0.46614652208410456,0.0
"(15.35, 15.45]",76.1243760441113,23.419395444912773,0.4562285109759321,0.0
"(15.45, 15.55]",76.50582191436864,23.047867585763598,0.44631049986775984,0.0
"(15.55, 15.65]",76.887267784626,22.676339726614415,0.43639248875958714,0.0
"(15.65, 15.75]",77.26871365488334,22.30481186746524,0.4264744776514149,0.0
"(15.75, 15.85]",77.6501595251407,21.933284008316065,0.4165564665432424,0.0
"(15.85, 15.95]",78.03160539539803,21.56175614916689,0.40663845543506993,0.0
"(15.95, 16.05]",78.41305126565538,21.190228290017714,0.39672044432689746,0.0
"(16.05, 16.15]",78.79449713591274,20.81870043086853,0.386802433218725,0.0
"(16.15, 16.25]",79.17594300617009,20.447172571719364,0.37688442211055273,0.0
"(16.25, 16.35]",79.55738887642744,20.07564471257018,0.36696641100238026,0.0
"(16.35, 16.45]",79.93883474668479,19.704116853421,0.35704839989420756,0.0
"(16.45, 16.55]",80.32028061694214,19.33258899427183,0.3471303887860353,0.0
"(16.55, 16.65]",80.7017264871995,18.961061135122648,0.33721237767786283,0.0
"(16.65, 16.75]",81.08317235745683,18.58953327597348,0.3272943665696906,0.0
"(16.75, 16.85]",81.46461822771418,18.218005416824298,0.3173763554615179,0.0
"(16.85, 16.95]",81.84606409797155,17.846477557675115,0.3074583443533454,0.0
"(16.95, 17.05]",82.22750996822887,17.474949698525947,0.29754033324517315,0.0
"(17.05, 17.15]",82.60895583848622,17.103421839376765,0.2876223221370007,0.0
"(17.15, 17.25]",82.99040170874358,16.731893980227596,0.2777043110288284,0.0
"(17.25, 17.35]",83.37184757900093,16.360366121078414,0.2677862999206557,0.0
"(17.35, 17.45]",83.75329344925828,15.988838261929232,0.25786828881248325,0.0
"(17.45, 17.55]",84.13473931951563,15.617310402780063,0.247950277704311,0.0
"(17.55, 17.65]",84.51618518977298,15.245782543630881,0.2380322665961383,0.0
"(17.65, 17.75]",84.89763106003033,14.874254684481713,0.22811425548796604,0.0
"(17.75, 17.85]",85.27907693028769,14.50272682533253,0.21819624437979357,0.0
"(17.85, 17.95]",85.66052280054504,14.131198966183348,0.20827823327162087,0.0
"(17.95, 18.05]",86.04196867080236,13.75967110703418,0.19836022216344862,0.0
"(18.05, 18.15]",86.42341454105974,13.388143247884997,0.18844221105527614,0.0
"(18.15, 18.25]",86.80486041131707,13.01661538873583,0.1785241999471039,0.0
"(18.25, 18.35]",87.18630628157442,12.645087529586647,0.16860618883893141,0.0
"(18.35, 18.45]",87.56775215183177,12.273559670437464,0.15868817773075872,0.0
"(18.45, 18.55]",87.94919802208912,11.902031811288296,0.14877016662258646,0.0
"(18.55, 18.65]",88.33064389234647,11.530503952139114,0.138852155514414,0.0
"(18.65, 18.75]",88.71208976260382,11.158976092989931,0.12893414440624174,0.0
"(18.75, 18.85]",89.09353563286118,10.787448233840749,0.11901613329806904,0.0
"(18.85, 18.95]",89.47498150311853,10.415920374691567,0.10909812218989656,0.0
"(18.95, 19.05]",89.85642737337588,10.044392515542398,0.09918011108172431,0.0
"(19.05, 19.15]",90.23787324363323,9.672864656393216,0.08926209997355161,0.0
"(19.15, 19.25]",90.61931911389055,9.301336797244048,0.07934408886537958,0.0
"(19.25, 19.35]",91.0007649841479,8.929808938094865,0.06942607775720688,0.0
"(19.35, 19.45]",91.38221085440529,8.558281078945683,0.05950806664903441,0.0
"(19.45, 19.55]",91.76365672466261,8.186753219796515,0.049590055540862155,0.0
"(19.55, 19.65]",92.14510259491996,7.815225360647332,0.03967204443268946,0.0
"(19.65, 19.75]",92.52654846517731,7.443697501498164,0.029754033324517204,0.0
"(19.75, 19.85]",92.90799433543467,7.072169642348982,0.01983602221634473,0.0
"(19.85, 19.95]",93.28944020569202,6.700641783199799,0.009918011108172031,0.0
"(19.95, 20.05]",93.67088607594937,6.329113924050633,0.0,158.0
"(20.05, ∞)",95.0,5.0,0.0,101.0
