Interval,WinningChance,DrawingChance,LosingChance,TotalGames
"(-∞, -20.05]",1.418672352289967,1.43917339784329,97.14215424986673,1878.0
"(-20.05, -19.95]",1.418672352289967,1.43917339784329,97.14215424986673,24389.0
"(-19.95, -19.85]",1.4116829974976892,1.4318825570869929,97.15643444541531,0.0
"(-19.85, -19.75]",1.404693642705412,1.424591716330696,97.17071464096388,0.0
"(-19.75, -19.65]",1.3977042879131343,1.4173008755743988,97.18499483651246,1.0
"(-19.65, -19.55]",1.3907149331208566,1.4100100348181017,97.19927503206104,0.0
"(-19.55, -19.45]",1.3837255783285791,1.402719194061805,97.2135552276096,1.0
"(-19.45, -19.35]",1.3767362235363017,1.3954283533055079,97.22783542315818,1.0
"(-19.35, -19.25]",1.3697468687440242,1.388137512549211,97.24211561870676,1.0
"(-19.25, -19.15]",1.3627575139517465,1.380846671792914,97.25639581425533,0.0
"(-19.15, -19.05]",1.355768159159469,1.3735558310366167,97.2706760098039,0.0
"(-19.05, -18.95]",1.3487788043671916,1.36626499028032,97.28495620535249,0.0
"(-18.95, -18.85]",1.3417894495749139,1.3589741495240228,97.29923640090105,1.0
"(-18.85, -18.75]",1.3348000947826366,1.351683308767726,97.31351659644963,0.0
"(-18.75, -18.65]",1.327810739990359,1.344392468011429,97.32779679199821,1.0
"(-18.65, -18.55]",1.3208213851980812,1.337101627255132,97.34207698754678,1.0
"(-18.55, -18.45]",1.3138320304058038,1.329810786498835,97.35635718309535,1.0
"(-18.45, -18.35]",1.3068426756135263,1.3225199457425378,97.37063737864393,2.0
"(-18.35, -18.25]",1.2998533208212488,1.315229104986241,97.3849175741925,2.0
"(-18.25, -18.15]",1.2928639660289711,1.307938264229944,97.39919776974108,1.0
"(-18.15, -18.05]",1.2858746112366934,1.300647423473647,97.41347796528966,3.0
"(-18.05, -17.95]",1.2788852564444162,1.29335658271735,97.42775816083822,0.0
"(-17.95, -17.85]",1.2718959016521385,1.2860657419610528,97.4420383563868,0.0
"(-17.85, -17.75]",1.2649065468598613,1.278774901204756,97.45631855193538,2.0
"(-17.75, -17.65]",1.2579171920675836,1.271484060448459,97.47059874748395,0.0
"(-17.65, -17.55]",1.2509278372753059,1.264193219692162,97.48487894303253,0.0
"(-17.55, -17.45]",1.2439384824830284,1.256902378935865,97.4991591385811,2.0
"(-17.45, -17.35]",1.236949127690751,1.249611538179568,97.51343933412967,4.0
"(-17.35, -17.25]",1.2299597728984735,1.2423206974232712,97.52771952967825,2.0
"(-17.25, -17.15]",1.2229704181061958,1.235029856666974,97.54199972522683,4.0
"(-17.15, -17.05]",1.2159810633139183,1.227739015910677,97.5562799207754,4.0
"(-17.05, -16.95]",1.2089917085216408,1.22044817515438,97.57056011632397,5.0
"(-16.95, -16.85]",1.2020023537293631,1.213157334398083,97.58484031187255,3.0
"(-16.85, -16.75]",1.1950129989370857,1.2058664936417862,97.59912050742112,2.0
"(-16.75, -16.65]",1.1880236441448082,1.1985756528854892,97.6134007029697,2.0
"(-16.65, -16.55]",1.1810342893525305,1.191284812129192,97.62768089851828,4.0
"(-16.55, -16.45]",1.174044934560253,1.183993971372895,97.64196109406684,5.0
"(-16.45, -16.35]",1.1670555797679754,1.176703130616598,97.65624128961542,3.0
"(-16.35, -16.25]",1.1600662249756981,1.1694122898603012,97.67052148516399,7.0
"(-16.25, -16.15]",1.1530768701834204,1.1621214491040042,97.68480168071257,5.0
"(-16.15, -16.05]",1.1460875153911427,1.154830608347707,97.69908187626115,7.0
"(-16.05, -15.95]",1.1390981605988655,1.14753976759141,97.71336207180971,5.0
"(-15.95, -15.85]",1.1321088058065878,1.140248926835113,97.72764226735829,12.0
"(-15.85, -15.75]",1.1251194510143103,1.1329580860788162,97.74192246290687,8.0
"(-15.75, -15.65]",1.1181300962220329,1.1256672453225192,97.75620265845544,9.0
"(-15.65, -15.55]",1.1111407414297552,1.1183764045662221,97.77048285400402,12.0
"(-15.55, -15.45]",1.1041513866374777,1.1110855638099253,97.7847630495526,22.0
"(-15.45, -15.35]",1.0971620318452002,1.1037947230536282,97.79904324510116,12.0
"(-15.35, -15.25]",1.0901726770529225,1.0965038822973312,97.81332344064974,19.0
"(-15.25, -15.15]",1.083183322260645,1.0892130415410342,97.82760363619832,25.0
"(-15.15, -15.05]",1.0761939674683676,1.0819222007847373,97.84188383174688,24.0
"(-15.05, -14.95]",1.0692046126760901,1.0746313600284403,97.85616402729546,20.0
"(-14.95, -14.85]",1.0622152578838124,1.0673405192721432,97.87044422284404,19.0
"(-14.85, -14.75]",1.055225903091535,1.0600496785158462,97.88472441839261,34.0
"(-14.75, -14.65]",1.0482365482992573,1.0527588377595491,97.89900461394119,21.0
"(-14.65, -14.55]",1.0412471935069798,1.0454679970032523,97.91328480948977,41.0
"(-14.55, -14.45]",1.0342578387147023,1.0381771562469553,97.92756500503833,33.0
"(-14.45, -14.35]",1.0272684839224246,1.0308863154906582,97.94184520058691,35.0
"(-14.35, -14.25]",1.0202791291301472,1.0235954747343612,97.95612539613549,34.0
"(-14.25, -14.15]",1.0132897743378697,1.0163046339780641,97.97040559168406,36.0
"(-14.15, -14.05]",1.0063004195455922,1.0090137932217673,97.98468578723264,38.0
"(-14.05, -13.95]",0.9993110647533147,1.0017229524654703,97.99896598278121,52.0
"(-13.95, -13.85]",0.9923217099610371,0.9944321117091732,98.01324617832978,44.0
"(-13.85, -13.75]",0.9853323551687596,0.9871412709528763,98.02752637387836,66.0
"(-13.75, -13.65]",0.978343000376482,0.9798504301965794,98.04180656942694,56.0
"(-13.65, -13.55]",0.9713536455842045,0.9725595894402823,98.0560867649755,52.0
"(-13.55, -13.45]",0.964364290791927,0.9652687486839854,98.07036696052408,77.0
"(-13.45, -13.35]",0.9573749359996493,0.9579779079276882,98.08464715607266,81.0
"(-13.35, -13.25]",0.9503855812073718,0.9506870671713913,98.09892735162123,91.0
"(-13.25, -13.15]",0.9433962264150944,0.9433962264150944,98.11320754716981,106.0
"(-13.15, -13.05]",0.7874015748031495,0.7874015748031495,98.4251968503937,127.0
"(-13.05, -12.95]",0.0,1.8691588785046727,98.13084112149532,107.0
"(-12.95, -12.85]",0.0,0.8928571428571428,99.10714285714286,112.0
"(-12.85, -12.75]",0.0,0.7633587786259541,99.23664122137404,131.0
"(-12.75, -12.65]",1.7241379310344827,3.4482758620689653,94.82758620689656,116.0
"(-12.65, -12.55]",1.5037593984962405,2.2556390977443606,96.2406015037594,133.0
"(-12.55, -12.45]",0.0,2.380952380952381,97.61904761904762,126.0
"(-12.45, -12.35]",0.6944444444444444,1.3888888888888888,97.91666666666666,144.0
"(-12.35, -12.25]",0.0,4.225352112676056,95.77464788732394,142.0
"(-12.25, -12.15]",2.2857142857142856,1.7142857142857144,96.0,175.0
"(-12.15, -12.05]",0.0,0.6024096385542169,99.3975903614458,166.0
"(-12.05, -11.95]",0.6711409395973155,2.684563758389262,96.64429530201343,149.0
"(-11.95, -11.85]",1.3888888888888888,2.7777777777777777,95.83333333333334,144.0
"(-11.85, -11.75]",0.5780346820809248,2.312138728323699,97.10982658959537,173.0
"(-11.75, -11.65]",1.477832512315271,1.9704433497536946,96.55172413793103,203.0
"(-11.65, -11.55]",0.0,1.1627906976744187,98.83720930232558,172.0
"(-11.55, -11.45]",0.9803921568627451,0.9803921568627451,98.0392156862745,204.0
"(-11.45, -11.35]",0.46511627906976744,1.3953488372093024,98.13953488372093,215.0
"(-11.35, -11.25]",1.4423076923076923,1.4423076923076923,97.11538461538461,208.0
"(-11.25, -11.15]",1.6877637130801686,1.2658227848101267,97.0464135021097,237.0
"(-11.15, -11.05]",0.8333333333333334,2.083333333333333,97.08333333333333,240.0
"(-11.05, -10.95]",0.35842293906810035,0.7168458781362007,98.9247311827957,279.0
"(-10.95, -10.85]",1.1194029850746268,1.8656716417910446,97.01492537313433,268.0
"(-10.85, -10.75]",1.0752688172043012,0.7168458781362007,98.2078853046595,279.0
"(-10.75, -10.65]",1.1363636363636365,1.4204545454545454,97.44318181818183,352.0
"(-10.65, -10.55]",1.5957446808510638,1.5957446808510638,96.80851063829788,376.0
"(-10.55, -10.45]",0.2695417789757413,1.3477088948787064,98.38274932614556,371.0
"(-10.45, -10.35]",0.7092198581560284,1.1820330969267139,98.10874704491725,423.0
"(-10.35, -10.25]",0.2544529262086514,1.7811704834605597,97.96437659033079,393.0
"(-10.25, -10.15]",0.9925558312655087,1.9851116625310175,97.02233250620348,403.0
"(-10.15, -10.05]",1.405152224824356,1.405152224824356,97.18969555035129,427.0
"(-10.05, -9.95]",1.1655011655011656,2.097902097902098,96.73659673659674,429.0
"(-9.95, -9.85]",1.8145161290322582,0.8064516129032258,97.37903225806451,496.0
"(-9.85, -9.75]",1.6697588126159555,1.1131725417439702,97.21706864564007,539.0
"(-9.75, -9.65]",1.9047619047619049,2.2857142857142856,95.80952380952381,525.0
"(-9.65, -9.55]",1.1320754716981132,1.1320754716981132,97.73584905660377,530.0
"(-9.55, -9.45]",1.0920436817472698,0.93603744149766,97.97191887675507,641.0
"(-9.45, -9.35]",2.1148036253776437,0.6042296072507553,97.2809667673716,662.0
"(-9.35, -9.25]",1.3333333333333335,1.6296296296296295,97.03703703703704,675.0
"(-9.25, -9.15]",1.1315417256011315,1.8387553041018387,97.02970297029702,707.0
"(-9.15, -9.05]",1.3550135501355014,1.7615176151761516,96.88346883468834,738.0
"(-9.05, -8.95]",1.4435695538057742,2.493438320209974,96.06299212598425,762.0
"(-8.95, -8.85]",2.097902097902098,1.8648018648018647,96.03729603729604,858.0
"(-8.85, -8.75]",1.4207650273224044,1.4207650273224044,97.15846994535518,915.0
"(-8.75, -8.65]",2.3255813953488373,2.0222446916076846,95.65217391304348,989.0
"(-8.65, -8.55]",1.0110294117647058,1.1029411764705883,97.88602941176471,1088.0
"(-8.55, -8.45]",0.7785467128027681,1.384083044982699,97.83737024221453,1156.0
"(-8.45, -8.35]",1.6600790513833994,2.292490118577075,96.04743083003953,1265.0
"(-8.35, -8.25]",1.337295690936107,1.4858841010401187,97.17682020802377,1346.0
"(-8.25, -8.15]",1.3167013167013166,1.8711018711018712,96.81219681219682,1443.0
"(-8.15, -8.05]",1.674179008370895,1.9317450096587252,96.39407598197039,1553.0
"(-8.05, -7.95]",1.4176018901358536,1.7129356172474897,96.86946249261665,1693.0
"(-7.95, -7.85]",2.168021680216802,1.7344173441734418,96.09756097560975,1845.0
"(-7.85, -7.75]",1.6221873364730508,1.4128728414442702,96.96493982208267,1911.0
"(-7.75, -7.65]",1.547678482276585,1.8971542685971046,96.5551672491263,2003.0
"(-7.65, -7.55]",0.706880301602262,2.2148916116870874,97.07822808671065,2122.0
"(-7.55, -7.45]",1.4128035320088301,2.163355408388521,96.42384105960264,2265.0
"(-7.45, -7.35]",1.2794056954189021,1.8159306644655384,96.90466364011556,2423.0
"(-7.35, -7.25]",1.340373679935012,1.7465475223395612,96.91307879772543,2462.0
"(-7.25, -7.15]",1.9313304721030045,1.5379113018597999,96.5307582260372,2796.0
"(-7.15, -7.05]",1.6616816218012629,1.9607843137254901,96.37753406447325,3009.0
"(-7.05, -6.95]",2.3997473950110515,2.1471424060625197,95.45311019892642,3167.0
"(-6.95, -6.85]",2.3227752639517347,1.8702865761689291,95.80693815987934,3315.0
"(-6.85, -6.75]",2.198100407055631,1.9810040705563094,95.82089552238806,3685.0
"(-6.75, -6.65]",1.8436578171091444,2.4090462143559486,95.7472959685349,4068.0
"(-6.65, -6.55]",1.9270006801178872,2.267059623668102,95.80593969621401,4411.0
"(-6.55, -6.45]",1.9457804984696108,2.2081329252295583,95.84608657630082,4574.0
"(-6.45, -6.35]",1.997450063748406,2.4649383765405863,95.53761155971101,4706.0
"(-6.35, -6.25]",2.2819364470036256,2.388568991256131,95.32949456174025,4689.0
"(-6.25, -6.15]",1.762295081967213,2.3975409836065573,95.84016393442623,4880.0
"(-6.15, -6.05]",1.9280461140926255,2.842377260981912,95.22957662492546,5031.0
"(-6.05, -5.95]",2.2429571146599674,2.207069800825408,95.54997308451463,5573.0
"(-5.95, -5.85]",2.1724926494609607,2.956550147010781,94.87095720352826,6122.0
"(-5.85, -5.75]",2.1967676133689,3.138239447669857,94.66499293896125,6373.0
"(-5.75, -5.65]",1.9563918757467145,3.3900836320191163,94.65352449223417,6696.0
"(-5.65, -5.55]",2.4979412572056,3.4037880867416965,94.0982706560527,7286.0
"(-5.55, -5.45]",2.6171875,3.411458333333333,93.97135416666667,7680.0
"(-5.45, -5.35]",2.4667931688804554,4.301075268817205,93.23213156230234,7905.0
"(-5.35, -5.25]",2.551208144241383,4.121182386851466,93.32760946890714,8153.0
"(-5.25, -5.15]",2.240300375469337,4.25531914893617,93.5043804755945,7990.0
"(-5.15, -5.05]",2.429682824655895,4.524236983842011,93.04608019150209,8355.0
"(-5.05, -4.95]",3.1373016819754267,4.6164857449600385,92.24621257306454,8383.0
"(-4.95, -4.85]",3.4648123726171924,5.095312312672341,91.43987531471046,8341.0
"(-4.85, -4.75]",3.461492394298719,4.898790274284345,91.63971733141693,8349.0
"(-4.75, -4.65]",3.503336510962822,5.243088655862726,91.25357483317445,8392.0
"(-4.65, -4.55]",4.01650285159568,6.516199490353112,89.46729765805121,8241.0
"(-4.55, -4.45]",3.7940042293817635,6.903843761661898,89.30215200895634,8039.0
"(-4.45, -4.35]",4.003417551568412,6.713047723666545,89.28353472476505,8193.0
"(-4.35, -4.25]",4.677606925959426,6.925959426282466,88.39643364775812,7739.0
"(-4.25, -4.15]",4.471808165910564,7.478937135450421,88.04925469863902,7715.0
"(-4.15, -4.05]",4.890587925125231,7.724756129712629,87.38465594516214,7586.0
"(-4.05, -3.95]",4.628890662410216,8.326682628358606,87.04442670923117,7518.0
"(-3.95, -3.85]",4.693737095664143,9.263592567102547,86.0426703372333,7265.0
"(-3.85, -3.75]",5.293376277832237,9.774541380758997,84.93208234140877,7141.0
"(-3.75, -3.65]",5.918689843413303,10.501364746444477,83.57994541014222,6961.0
"(-3.65, -3.55]",5.347282766637605,10.999709386806162,83.65300784655624,6882.0
"(-3.55, -3.45]",5.671553383681327,12.142751369761587,82.18569524655709,6753.0
"(-3.45, -3.35]",6.513761467889909,12.568807339449542,80.91743119266054,6540.0
"(-3.35, -3.25]",6.816030293467971,12.574944777532346,80.60902492899969,6338.0
"(-3.25, -3.15]",6.576561727377617,13.515740893357508,79.90769737926487,6067.0
"(-3.15, -3.05]",6.650366748166259,14.213528932355338,79.1361043194784,6135.0
"(-3.05, -2.95]",7.2333044232437125,14.657415437987858,78.10928013876844,5765.0
"(-2.95, -2.85]",8.071352878841399,15.842458495231368,76.08618862592724,5662.0
"(-2.85, -2.75]",6.936838262139466,16.46586345381526,76.59729828404527,5478.0
"(-2.75, -2.65]",7.766615146831531,16.750386398763524,75.48299845440495,5176.0
"(-2.65, -2.55]",8.76068376068376,17.98756798756799,73.25174825174825,5148.0
"(-2.55, -2.45]",9.296383647798741,18.592767295597483,72.11084905660378,5088.0
"(-2.45, -2.35]",8.898137138327387,19.75822433610781,71.3436385255648,5046.0
"(-2.35, -2.25]",8.612343686970553,21.137555465913675,70.25010084711577,4958.0
"(-2.25, -2.15]",10.17784443968288,21.0413541889865,68.78080137133063,4667.0
"(-2.15, -2.05]",9.79758828596038,21.425495262704565,68.77691645133505,4644.0
"(-2.05, -1.95]",9.441779328390755,22.28521587440035,68.2730047972089,4586.0
"(-1.95, -1.85]",10.191769015298426,23.5725059254471,66.23572505925446,4641.0
"(-1.85, -1.75]",10.054102795311092,24.030658250676286,65.91523895401262,4436.0
"(-1.75, -1.65]",10.639248994188645,25.145283862315605,64.21546714349576,4474.0
"(-1.65, -1.55]",10.08216744392627,25.982678214523652,63.93515434155008,4503.0
"(-1.55, -1.45]",11.246063877642825,25.033738191632928,63.72019793072424,4446.0
"(-1.45, -1.35]",11.621202040363716,26.43601685517853,61.94278110445776,4509.0
"(-1.35, -1.25]",12.063134160090192,27.50845546786922,60.42841037204059,4435.0
"(-1.25, -1.15]",12.353849547760865,29.14184866534304,58.50430178689609,4533.0
"(-1.15, -1.05]",12.273598977200086,30.151289154059235,57.57511186874068,4693.0
"(-1.05, -0.95]",11.829268292682926,31.99186991869919,56.17886178861789,4920.0
"(-0.95, -0.85]",12.74964696388945,32.822271535202745,54.42808150090781,4957.0
"(-0.85, -0.75]",12.488402300983486,34.292076452031914,53.219521246984606,5389.0
"(-0.75, -0.65]",13.461538461538462,36.35125936010892,50.18720217835262,5876.0
"(-0.65, -0.55]",13.007054673721342,38.33039388594944,48.66255144032922,6804.0
"(-0.55, -0.45]",11.77364667368175,41.72804863790483,46.49830468841342,8553.0
"(-0.45, -0.35]",10.972338642078793,44.87007544006706,44.15758591785415,11930.0
"(-0.35, -0.25]",10.72526980931611,48.59922831739641,40.67550187328748,17883.0
"(-0.25, -0.15]",10.970161421816403,53.25941627262352,35.77042230556008,30665.0
"(-0.15, -0.05]",11.387136911657441,60.03132106234178,28.581542026000772,46614.0
"(-0.05, 0.05]",16.236080273453375,68.77660416426026,14.987315562286366,233751.0
"(0.05, 0.15]",29.279940363873553,60.262771682158075,10.457287953968365,42927.0
"(0.15, 0.25]",36.0945876477932,53.36711463611662,10.538297716090181,27234.0
"(0.25, 0.35]",40.663557470925085,48.792726843379185,10.543715685695732,16939.0
"(0.35, 0.45]",42.73745404804651,46.61024194237839,10.652304009575104,11697.0
"(0.45, 0.55]",46.49667405764967,42.372505543237246,11.130820399113082,9020.0
"(0.55, 0.65]",48.739035087719294,39.77521929824561,11.485745614035087,7296.0
"(0.65, 0.75]",51.51925391095066,35.75511432009627,12.725631768953068,6648.0
"(0.75, 0.85]",53.70839668862983,34.194965365771246,12.09663794559892,5919.0
"(0.85, 0.95]",54.12729541807809,34.55161347833838,11.321091103583527,5609.0
"(0.95, 1.05]",55.88673621460507,33.084947839046194,11.028315946348734,5368.0
"(1.05, 1.15]",57.55791126815861,31.527287004318804,10.914801727522576,5094.0
"(1.15, 1.25]",59.637233406418176,29.419972094877416,10.942794498704405,5017.0
"(1.25, 1.35]",59.89964457453482,29.22851766673636,10.87183775872883,4783.0
"(1.35, 1.45]",60.28086355061832,28.505554391112973,11.213582058268706,4771.0
"(1.45, 1.55]",62.49747423721964,27.480299050313196,10.022226712467166,4949.0
"(1.55, 1.65]",64.57281357301555,25.954352656029084,9.472833770955361,4951.0
"(1.65, 1.75]",64.67380327206625,24.90405978590184,10.422136942031912,4951.0
"(1.75, 1.85]",65.13705583756345,25.949238578680202,8.913705583756345,4925.0
"(1.85, 1.95]",68.47974955977304,22.32439835648601,9.19585208374095,5111.0
"(1.95, 2.05]",67.51021997274674,23.69087015767958,8.798909869573682,5137.0
"(2.05, 2.15]",70.30958597538232,20.887728459530024,8.802685565087653,5362.0
"(2.15, 2.25]",71.46596858638743,20.56843679880329,7.965594614809275,5348.0
"(2.25, 2.35]",71.83846971307119,19.51824300389656,8.643287283032235,5646.0
"(2.35, 2.45]",72.39999999999999,19.654545454545456,7.945454545454546,5500.0
"(2.45, 2.55]",73.32521315468941,18.70541151905342,7.969375326257177,5747.0
"(2.55, 2.65]",74.31987523826027,17.917172067232716,7.7629526945070175,5771.0
"(2.65, 2.75]",74.487895716946,18.147960047401387,7.364144235652616,5907.0
"(2.75, 2.85]",76.54460396838199,16.373608646555894,7.081787385062106,6199.0
"(2.85, 2.95]",77.92476888747211,15.460631176283075,6.61459993624482,6274.0
"(2.95, 3.05]",78.70102149717944,15.307211465162373,5.991767037658179,6559.0
"(3.05, 3.15]",81.02232667450059,13.102232667450059,5.875440658049354,6808.0
"(3.15, 3.25]",80.40798356325213,13.413560316994424,6.178456119753449,6814.0
"(3.25, 3.35]",81.37131685518783,12.665828794861053,5.962854349951124,7161.0
"(3.35, 3.45]",81.85148654360998,11.948710722840637,6.1998027335493875,7097.0
"(3.45, 3.55]",82.3432794963044,11.73008486175746,5.926635641938133,7306.0
"(3.55, 3.65]",84.20086534679429,10.580831257375115,5.218303395830602,7627.0
"(3.65, 3.75]",84.8403917079995,9.741828818517105,5.417779473483404,7863.0
"(3.75, 3.85]",85.64605329311212,9.200603318250378,5.153343388637506,7956.0
"(3.85, 3.95]",86.1197560064733,9.348935640483008,4.531308353043695,8033.0
"(3.95, 4.05]",87.14612697265389,8.191784122394893,4.662088904951211,8301.0
"(4.05, 4.15]",87.62491285149896,8.366256100395074,4.008831048105973,8606.0
"(4.15, 4.25]",88.91969959560947,6.909300982091277,4.170999422299249,8655.0
"(4.25, 4.35]",89.40918025205225,6.821597872586427,3.7692218753613136,8649.0
"(4.35, 4.45]",89.06610933890661,6.852931470685293,4.080959190408096,9091.0
"(4.45, 4.55]",89.92561802669,6.300590680376285,3.7737912929337125,9142.0
"(4.55, 4.65]",90.51431077969076,6.07522754688014,3.4104616734291042,9119.0
"(4.65, 4.75]",91.05889857537743,5.230703806081224,3.7103976185413563,9406.0
"(4.75, 4.85]",91.04812834224599,5.46524064171123,3.486631016042781,9350.0
"(4.85, 4.95]",92.10214416549941,4.988686563947851,2.909169270552742,9281.0
"(4.95, 5.05]",93.11649016641452,4.462934947049924,2.4205748865355523,9254.0
"(5.05, 5.15]",93.21094938083858,4.116880295459483,2.672170323701933,9206.0
"(5.15, 5.25]",93.36049328341774,4.195111208984805,2.4443955075974455,9082.0
"(5.25, 5.35]",93.59651136102823,3.832912554509984,2.5705760844617855,8714.0
"(5.35, 5.45]",93.94703656998739,3.8404218732087583,2.212541556803852,8723.0
"(5.45, 5.55]",94.93504945775236,3.0628053867238707,2.0021451555237753,8391.0
"(5.55, 5.65]",94.70182355840315,3.2651552488910793,2.033021192705766,8116.0
"(5.65, 5.75]",94.31759211209133,3.399065905552673,2.2833419823559935,7708.0
"(5.75, 5.85]",94.95459132189707,2.868675219835664,2.1767334582672624,6937.0
"(5.85, 5.95]",94.83538773599626,2.8241535340926824,2.3404587299110626,6409.0
"(5.95, 6.05]",95.15455304928989,2.690058479532164,2.155388471177945,5985.0
"(6.05, 6.15]",95.79115610015982,2.3264073876753684,1.8824365121648021,5631.0
"(6.15, 6.25]",96.34011090573013,1.977818853974122,1.6820702402957486,5410.0
"(6.25, 6.35]",95.84045584045585,2.4121557454890787,1.7473884140550806,5265.0
"(6.35, 6.45]",95.83895203236371,2.369485648237334,1.7915623193989598,5191.0
"(6.45, 6.55]",95.76977832011389,2.3794996949359364,1.8507219849501728,4917.0
"(6.55, 6.65]",96.47033808207527,1.8498830533701893,1.6797788645545395,4703.0
"(6.65, 6.75]",95.99531615925059,2.107728337236534,1.8969555035128804,4270.0
"(6.75, 6.85]",95.85783687036563,2.4546151879314753,1.6875479417028894,3911.0
"(6.85, 6.95]",96.79505201012088,1.6305875737981443,1.5743604160809672,3557.0
"(6.95, 7.05]",96.64202094886014,1.8176216882316698,1.5403573629081946,3246.0
"(7.05, 7.15]",96.97156983930779,1.6378244746600743,1.3906056860321385,3236.0
"(7.15, 7.25]",96.6021066938498,2.0047570506286103,1.3931362555215767,2943.0
"(7.25, 7.35]",96.48609077598829,1.9399707174231333,1.5739385065885798,2732.0
"(7.35, 7.45]",95.97724502234864,2.112962210483543,1.9097927671678179,2461.0
"(7.45, 7.55]",96.81475272422463,1.9279128248113997,1.2573344509639564,2386.0
"(7.55, 7.65]",97.26148409893993,1.3692579505300353,1.3692579505300353,2264.0
"(7.65, 7.75]",96.33070134695774,1.8114259173246632,1.8578727357176035,2153.0
"(7.75, 7.85]",96.91629955947137,1.8600097895252081,1.2236906510034264,2043.0
"(7.85, 7.95]",97.11486118671748,1.6875340228633642,1.1976047904191618,1837.0
"(7.95, 8.05]",97.38888888888889,1.3888888888888888,1.2222222222222223,1800.0
"(8.05, 8.15]",97.1101745936183,1.3847080072245637,1.5051173991571343,1661.0
"(8.15, 8.25]",97.60051880674449,1.621271076523995,0.7782101167315175,1542.0
"(8.25, 8.35]",96.84210526315789,1.8245614035087718,1.3333333333333335,1425.0
"(8.35, 8.45]",97.41641337386018,1.2917933130699089,1.2917933130699089,1316.0
"(8.45, 8.55]",97.62470308788599,1.5043547110055424,0.870942201108472,1263.0
"(8.55, 8.65]",95.94959495949595,2.7902790279027903,1.2601260126012601,1111.0
"(8.65, 8.75]",97.51737835153924,2.0854021847070507,0.3972194637537239,1007.0
"(8.75, 8.85]",96.8031968031968,1.6983016983016983,1.4985014985014986,1001.0
"(8.85, 8.95]",96.76025917926566,1.7278617710583155,1.511879049676026,926.0
"(8.95, 9.05]",96.18138424821002,1.9093078758949882,1.9093078758949882,838.0
"(9.05, 9.15]",96.93034238488784,2.125147579693034,0.9445100354191263,847.0
"(9.15, 9.25]",96.67519181585678,2.6854219948849107,0.639386189258312,782.0
"(9.25, 9.35]",97.19101123595506,1.544943820224719,1.2640449438202246,712.0
"(9.35, 9.45]",96.4131994261119,2.008608321377331,1.5781922525107603,697.0
"(9.45, 9.55]",97.8328173374613,1.7027863777089782,0.46439628482972134,646.0
"(9.55, 9.65]",97.20853858784893,1.8062397372742198,0.9852216748768473,609.0
"(9.65, 9.75]",97.83393501805054,0.9025270758122743,1.263537906137184,554.0
"(9.75, 9.85]",96.18055555555556,2.430555555555556,1.3888888888888888,576.0
"(9.85, 9.95]",97.29166666666667,1.6666666666666667,1.0416666666666665,480.0
"(9.95, 10.05]",96.72131147540983,2.0491803278688523,1.2295081967213115,488.0
"(10.05, 10.15]",96.47887323943662,1.8779342723004695,1.643192488262911,426.0
"(10.15, 10.25]",97.36842105263158,1.9736842105263157,0.6578947368421052,456.0
"(10.25, 10.35]",98.1941309255079,0.9029345372460496,0.9029345372460496,443.0
"(10.35, 10.45]",96.13636363636363,3.8636363636363633,0.0,440.0
"(10.45, 10.55]",97.6923076923077,1.5384615384615385,0.7692307692307693,390.0
"(10.55, 10.65]",96.6824644549763,2.132701421800948,1.1848341232227488,422.0
"(10.65, 10.75]",98.39142091152814,0.8042895442359249,0.8042895442359249,373.0
"(10.75, 10.85]",96.91011235955057,1.9662921348314606,1.1235955056179776,356.0
"(10.85, 10.95]",98.02631578947368,1.644736842105263,0.3289473684210526,304.0
"(10.95, 11.05]",97.98657718120806,1.342281879194631,0.6711409395973155,298.0
"(11.05, 11.15]",95.35864978902954,3.375527426160337,1.2658227848101267,237.0
"(11.15, 11.25]",96.57794676806084,2.6615969581749046,0.7604562737642585,263.0
"(11.25, 11.35]",97.82608695652173,1.7391304347826086,0.43478260869565216,230.0
"(11.35, 11.45]",97.24770642201835,0.9174311926605505,1.834862385321101,218.0
"(11.45, 11.55]",95.73459715639811,3.3175355450236967,0.9478672985781991,211.0
"(11.55, 11.65]",97.3404255319149,2.127659574468085,0.5319148936170213,188.0
"(11.65, 11.75]",96.79144385026738,2.13903743315508,1.06951871657754,187.0
"(11.75, 11.85]",97.74011299435028,1.1299435028248588,1.1299435028248588,177.0
"(11.85, 11.95]",96.29629629629629,0.0,3.7037037037037033,162.0
"(11.95, 12.05]",97.0414201183432,1.183431952662722,1.7751479289940828,169.0
"(12.05, 12.15]",97.97979797979798,1.0101010101010102,1.0101010101010102,198.0
"(12.15, 12.25]",99.4186046511628,0.5813953488372093,0.0,172.0
"(12.25, 12.35]",98.76543209876543,0.6172839506172839,0.6172839506172839,162.0
"(12.35, 12.45]",98.13664596273291,0.0,1.8633540372670807,161.0
"(12.45, 12.55]",99.39393939393939,0.6060606060606061,0.0,165.0
"(12.55, 12.65]",97.03703703703704,1.4814814814814816,1.4814814814814816,135.0
"(12.65, 12.75]",96.02649006622516,1.9867549668874174,1.9867549668874174,151.0
"(12.75, 12.85]",97.24137931034483,2.0689655172413794,0.6896551724137931,145.0
"(12.85, 12.95]",98.1981981981982,1.8018018018018018,0.0,111.0
"(12.95, 13.05]",99.05660377358491,0.0,0.9433962264150944,106.0
"(13.05, 13.15]",99.02912621359224,0.9708737864077669,0.0,103.0
"(13.15, 13.25]",100.0,0.0,0.0,107.0
"(13.25, 13.35]",99.96486569058307,0.020211040868604667,0.014923268548330187,85.0
"(13.35, 13.45]",99.92973138116614,0.040422081737209334,0.029846537096660374,91.0
"(13.45, 13.55]",99.89459707174919,0.060633122605814,0.044769805644990564,67.0
"(13.55, 13.65]",99.85946276233226,0.08084416347441903,0.05969307419332101,77.0
"(13.65, 13.75]",99.82432845291532,0.10105520434302369,0.0746163427416512,59.0
"(13.75, 13.85]",99.78919414349839,0.12126624521162835,0.08953961128998139,54.0
"(13.85, 13.95]",99.75405983408146,0.14147728608023302,0.10446287983831158,41.0
"(13.95, 14.05]",99.71892552466451,0.1616883269488377,0.11938614838664176,40.0
"(14.05, 14.15]",99.68379121524758,0.1818993678174427,0.13430941693497223,38.0
"(14.15, 14.25]",99.64865690583065,0.20211040868604738,0.1492326854833024,53.0
"(14.25, 14.35]",99.61352259641372,0.22232144955465205,0.16415595403163258,42.0
"(14.35, 14.45]",99.57838828699678,0.2425324904232567,0.17907922257996278,41.0
"(14.45, 14.55]",99.54325397757985,0.2627435312918614,0.19400249112829296,44.0
"(14.55, 14.65]",99.5081196681629,0.2829545721604664,0.2089257596766234,36.0
"(14.65, 14.75]",99.47298535874597,0.3031656130290711,0.22384902822495362,35.0
"(14.75, 14.85]",99.43785104932904,0.3233766538976757,0.2387722967732838,29.0
"(14.85, 14.95]",99.40271673991211,0.34358769476628037,0.25369556532161397,29.0
"(14.95, 15.05]",99.36758243049518,0.3637987356348851,0.2686188338699442,22.0
"(15.05, 15.15]",99.33244812107823,0.3840097765034901,0.2835421024182746,24.0
"(15.15, 15.25]",99.2973138116613,0.40422081737209475,0.2984653709666048,25.0
"(15.25, 15.35]",99.26217950224436,0.4244318582406994,0.313388639514935,14.0
"(15.35, 15.45]",99.22704519282743,0.4446428991093041,0.32831190806326516,14.0
"(15.45, 15.55]",99.1919108834105,0.46485393997790875,0.34323517661159536,13.0
"(15.55, 15.65]",99.15677657399355,0.4850649808465138,0.35815844515992584,15.0
"(15.65, 15.75]",99.12164226457662,0.5052760217151184,0.373081713708256,17.0
"(15.75, 15.85]",99.08650795515969,0.5254870625837231,0.3880049822565862,12.0
"(15.85, 15.95]",99.05137364574276,0.5456981034523277,0.4029282508049164,12.0
"(15.95, 16.05]",99.01623933632582,0.5659091443209324,0.41785151935324655,14.0
"(16.05, 16.15]",98.98110502690888,0.5861201851895375,0.43277478790157703,4.0
"(16.15, 16.25]",98.94597071749195,0.6063312260581418,0.44769805644990696,7.0
"(16.25, 16.35]",98.91083640807501,0.6265422669267467,0.4626213249982374,7.0
"(16.35, 16.45]",98.87570209865808,0.6467533077953518,0.47754459354656786,10.0
"(16.45, 16.55]",98.84056778924115,0.6669643486639562,0.4924678620948978,5.0
"(16.55, 16.65]",98.8054334798242,0.6871753895325612,0.5073911306432283,1.0
"(16.65, 16.75]",98.77029917040727,0.7073864304011654,0.5223143991915581,4.0
"(16.75, 16.85]",98.73516486099034,0.7275974712697705,0.5372376677398886,10.0
"(16.85, 16.95]",98.7000305515734,0.7478085121383755,0.552160936288219,2.0
"(16.95, 17.05]",98.66489624215647,0.7680195530069798,0.567084204836549,7.0
"(17.05, 17.15]",98.62976193273954,0.7882305938755848,0.5820074733848795,3.0
"(17.15, 17.25]",98.5946276233226,0.8084416347441892,0.5969307419332094,3.0
"(17.25, 17.35]",98.55949331390566,0.8286526756127942,0.6118540104815398,6.0
"(17.35, 17.45]",98.52435900448873,0.8488637164813992,0.6267772790298702,2.0
"(17.45, 17.55]",98.4892246950718,0.8690747573500035,0.6417005475782002,3.0
"(17.55, 17.65]",98.45409038565487,0.8892857982186085,0.6566238161265306,3.0
"(17.65, 17.75]",98.41895607623792,0.9094968390872128,0.6715470846748606,3.0
"(17.75, 17.85]",98.38382176682099,0.9297078799558178,0.6864703532231909,2.0
"(17.85, 17.95]",98.34868745740405,0.9499189208244229,0.7013936217715214,2.0
"(17.95, 18.05]",98.31355314798712,0.9701299616930272,0.7163168903198514,1.0
"(18.05, 18.15]",98.27841883857019,0.9903410025616323,0.7312401588681818,0.0
"(18.15, 18.25]",98.24328452915324,1.0105520434302366,0.7461634274165118,0.0
"(18.25, 18.35]",98.20815021973631,1.0307630842988416,0.7610866959648422,0.0
"(18.35, 18.45]",98.17301591031938,1.0509741251674465,0.7760099645131726,1.0
"(18.45, 18.55]",98.13788160090245,1.071185166036051,0.7909332330615025,2.0
"(18.55, 18.65]",98.10274729148551,1.0913962069046559,0.805856501609833,1.0
"(18.65, 18.75]",98.06761298206858,1.1116072477732601,0.820779770158163,2.0
"(18.75, 18.85]",98.03247867265164,1.1318182886418653,0.8357030387064934,1.0
"(18.85, 18.95]",97.9973443632347,1.1520293295104702,0.8506263072548238,1.0
"(18.95, 19.05]",97.96221005381777,1.1722403703790745,0.8655495758031537,0.0
"(19.05, 19.15]",97.92707574440084,1.1924514112476796,0.8804728443514842,0.0
"(19.15, 19.25]",97.8919414349839,1.2126624521162839,0.8953961128998141,1.0
"(19.25, 19.35]",97.85680712556696,1.232873492984889,0.9103193814481446,1.0
"(19.35, 19.45]",97.82167281615003,1.253084533853494,0.9252426499964751,1.0
"(19.45, 19.55]",97.7865385067331,1.2732955747220982,0.940165918544805,2.0
"(19.55, 19.65]",97.75140419731616,1.2935066155907033,0.9550891870931354,1.0
"(19.65, 19.75]",97.71626988789923,1.3137176564593076,0.9700124556414653,0.0
"(19.75, 19.85]",97.68113557848228,1.3339286973279125,0.9849357241897958,0.0
"(19.85, 19.95]",97.64600126906535,1.3541397381965177,0.9998589927381263,1.0
"(19.95, 20.05]",97.61086695964842,1.374350779065122,1.014782261286456,25030.0
"(20.05, ∞)",98.13780260707635,1.536312849162011,0.3258845437616387,2148.0
