Interval,WinningChance,DrawingChance,LosingChance,TotalGames
"(-∞, -20.05]",0.6896551724137931,0.0,99.3103448275862,101.0
"(-20.05, -19.95]",0.6896551724137931,0.0,99.3103448275862,290.0
"(-19.95, -19.85]",0.6861543847365658,0.4295197188598265,98.88432589640361,0.0
"(-19.85, -19.75]",0.6826535970593384,0.8590394377196376,98.45830696522103,0.0
"(-19.75, -19.65]",0.679152809382111,1.288559156579464,98.03228803403843,0.0
"(-19.65, -19.55]",0.6756520217048836,1.7180788754392906,97.60626910285582,0.0
"(-19.55, -19.45]",0.6721512340276563,2.147598594299102,97.18025017167324,0.0
"(-19.45, -19.35]",0.6686504463504288,2.577118313158928,96.75423124049064,0.0
"(-19.35, -19.25]",0.6651496586732015,3.0066380320187394,96.32821230930806,0.0
"(-19.25, -19.15]",0.6616488709959741,3.436157750878566,95.90219337812546,0.0
"(-19.15, -19.05]",0.6581480833187466,3.8656774697383924,95.47617444694286,0.0
"(-19.05, -18.95]",0.6546472956415194,4.295197188598204,95.05015551576028,0.0
"(-18.95, -18.85]",0.651146507964292,4.72471690745803,94.62413658457768,0.0
"(-18.85, -18.75]",0.6476457202870647,5.154236626317841,94.19811765339509,0.0
"(-18.75, -18.65]",0.6441449326098372,5.583756345177668,93.77209872221249,0.0
"(-18.65, -18.55]",0.6406441449326098,6.013276064037495,93.3460797910299,0.0
"(-18.55, -18.45]",0.6371433572553825,6.4427957828973055,92.92006085984731,0.0
"(-18.45, -18.35]",0.6336425695781551,6.872315501757132,92.49404192866471,0.0
"(-18.35, -18.25]",0.6301417819009277,7.301835220616943,92.06802299748213,0.0
"(-18.25, -18.15]",0.6266409942237003,7.73135493947677,91.64200406629953,0.0
"(-18.15, -18.05]",0.623140206546473,8.160874658336596,91.21598513511694,0.0
"(-18.05, -17.95]",0.6196394188692456,8.590394377196407,90.78996620393434,0.0
"(-17.95, -17.85]",0.6161386311920182,9.019914096056233,90.36394727275174,0.0
"(-17.85, -17.75]",0.6126378435147909,9.449433814916045,89.93792834156916,0.0
"(-17.75, -17.65]",0.6091370558375635,9.87895353377587,89.51190941038656,0.0
"(-17.65, -17.55]",0.605636268160336,10.308473252635698,89.08589047920397,0.0
"(-17.55, -17.45]",0.6021354804831087,10.737992971495508,88.65987154802139,0.0
"(-17.45, -17.35]",0.5986346928058813,11.167512690355336,88.23385261683879,0.0
"(-17.35, -17.25]",0.595133905128654,11.597032409215148,87.80783368565619,0.0
"(-17.25, -17.15]",0.5916331174514265,12.026552128074973,87.3818147544736,0.0
"(-17.15, -17.05]",0.5881323297741992,12.4560718469348,86.955795823291,0.0
"(-17.05, -16.95]",0.5846315420969719,12.885591565794611,86.52977689210842,0.0
"(-16.95, -16.85]",0.5811307544197444,13.315111284654437,86.10375796092582,0.0
"(-16.85, -16.75]",0.5776299667425171,13.744631003514248,85.67773902974324,0.0
"(-16.75, -16.65]",0.5741291790652897,14.174150722374074,85.25172009856064,0.0
"(-16.65, -16.55]",0.5706283913880623,14.603670441233902,84.82570116737804,0.0
"(-16.55, -16.45]",0.5671276037108349,15.033190160093714,84.39968223619545,0.0
"(-16.45, -16.35]",0.5636268160336075,15.46270987895354,83.97366330501285,0.0
"(-16.35, -16.25]",0.5601260283563803,15.892229597813351,83.54764437383027,0.0
"(-16.25, -16.15]",0.5566252406791528,16.321749316673177,83.12162544264767,0.0
"(-16.15, -16.05]",0.5531244530019254,16.751269035533003,82.69560651146507,0.0
"(-16.05, -15.95]",0.5496236653246981,17.180788754392815,82.26958758028249,0.0
"(-15.95, -15.85]",0.5461228776474707,17.61030847325264,81.8435686490999,0.0
"(-15.85, -15.75]",0.5426220899702433,18.03982819211246,81.4175497179173,0.0
"(-15.75, -15.65]",0.5391213022930159,18.469347910972278,80.9915307867347,0.0
"(-15.65, -15.55]",0.5356205146157886,18.898867629832097,80.56551185555212,0.0
"(-15.55, -15.45]",0.5321197269385611,19.328387348691916,80.13949292436952,0.0
"(-15.45, -15.35]",0.5286189392613337,19.75790706755174,79.71347399318692,0.0
"(-15.35, -15.25]",0.5251181515841064,20.18742678641156,79.28745506200433,0.0
"(-15.25, -15.15]",0.5216173639068791,20.61694650527138,78.86143613082174,0.0
"(-15.15, -15.05]",0.5181165762296517,21.046466224131198,78.43541719963915,0.0
"(-15.05, -14.95]",0.5146157885524243,21.475985942991016,78.00939826845655,0.0
"(-14.95, -14.85]",0.5111150008751969,21.905505661850846,77.58337933727395,0.0
"(-14.85, -14.75]",0.5076142131979695,22.335025380710665,77.15736040609137,0.0
"(-14.75, -14.65]",0.5041134255207422,22.764545099570483,76.73134147490877,0.0
"(-14.65, -14.55]",0.5006126378435148,23.194064818430302,76.30532254372619,0.0
"(-14.55, -14.45]",0.49711185016628745,23.62358453729012,75.8793036125436,0.0
"(-14.45, -14.35]",0.49361106248906,24.053104256149947,75.453284681361,0.0
"(-14.35, -14.25]",0.49011027481183267,24.482623975009766,75.0272657501784,0.0
"(-14.25, -14.15]",0.4866094871346053,24.912143693869584,74.6012468189958,0.0
"(-14.15, -14.05]",0.4831086994573779,25.341663412729403,74.17522788781322,0.0
"(-14.05, -13.95]",0.47960791178015055,25.771183131589222,73.74920895663062,0.0
"(-13.95, -13.85]",0.4761071241029231,26.200702850449048,73.32319002544803,0.0
"(-13.85, -13.75]",0.47260633642569577,26.630222569308867,72.89717109426543,0.0
"(-13.75, -13.65]",0.46910554874846844,27.059742288168685,72.47115216308285,0.0
"(-13.65, -13.55]",0.46560476107124105,27.489262007028504,72.04513323190025,0.0
"(-13.55, -13.45]",0.46210397339401366,27.918781725888323,71.61911430071765,0.0
"(-13.45, -13.35]",0.45860318571678627,28.34830144474815,71.19309536953506,0.0
"(-13.35, -13.25]",0.4551023980395589,28.777821163607967,70.76707643835248,0.0
"(-13.25, -13.15]",0.4516016103623315,29.207340882467786,70.34105750716988,1.0
"(-13.15, -13.05]",0.44810082268510415,29.636860601327605,69.9150385759873,0.0
"(-13.05, -12.95]",0.4446000350078768,30.066380320187427,69.4890196448047,1.0
"(-12.95, -12.85]",0.44109924733064937,30.495900039047253,69.0630007136221,1.0
"(-12.85, -12.75]",0.437598459653422,30.925419757907072,68.6369817824395,0.0
"(-12.75, -12.65]",0.43409767197619464,31.35493947676689,68.21096285125691,0.0
"(-12.65, -12.55]",0.43059688429896725,31.78445919562671,67.78494392007433,0.0
"(-12.55, -12.45]",0.4270960966217399,32.213978914486525,67.35892498889173,1.0
"(-12.45, -12.35]",0.42359530894451247,32.643498633346354,66.93290605770913,0.0
"(-12.35, -12.25]",0.42009452126728514,33.07301835220617,66.50688712652655,0.0
"(-12.25, -12.15]",0.41659373359005775,33.50253807106599,66.08086819534395,0.0
"(-12.15, -12.05]",0.4130929459128304,33.93205778992581,65.65484926416136,0.0
"(-12.05, -11.95]",0.409592158235603,34.36157750878563,65.22883033297876,0.0
"(-11.95, -11.85]",0.4060913705583756,34.79109722764546,64.80281140179616,2.0
"(-11.85, -11.75]",0.40259058288114824,35.220616946505274,64.37679247061357,2.0
"(-11.75, -11.65]",0.39908979520392085,35.650136665365096,63.95077353943098,2.0
"(-11.65, -11.55]",0.3955890075266935,36.07965638422491,63.524754608248394,1.0
"(-11.55, -11.45]",0.3920882198494661,36.509176103084734,63.098735677065804,1.0
"(-11.45, -11.35]",0.38858743217223873,36.938695821944556,62.6727167458832,0.0
"(-11.35, -11.25]",0.38508664449501134,37.36821554080438,62.24669781470061,2.0
"(-11.25, -11.15]",0.381585856817784,37.797735259664194,61.82067888351802,0.0
"(-11.15, -11.05]",0.3780850691405566,38.227254978524016,61.39465995233543,2.0
"(-11.05, -10.95]",0.3745842814633292,38.65677469738383,60.968641021152834,1.0
"(-10.95, -10.85]",0.37108349378610184,39.08629441624366,60.54262208997024,0.0
"(-10.85, -10.75]",0.36758270610887445,39.515814135103476,60.11660315878765,0.0
"(-10.75, -10.65]",0.3640819184316471,39.9453338539633,59.69058422760506,0.0
"(-10.65, -10.55]",0.3605811307544197,40.37485357282311,59.26456529642246,1.0
"(-10.55, -10.45]",0.3570803430771924,40.804373291682936,58.83854636523987,0.0
"(-10.45, -10.35]",0.35357955539996494,41.23389301054276,58.412527434057274,1.0
"(-10.35, -10.25]",0.3500787677227376,41.66341272940258,57.98650850287468,0.0
"(-10.25, -10.15]",0.3465779800455102,42.092932448262395,57.56048957169209,0.0
"(-10.15, -10.05]",0.3430771923682829,42.52245216712222,57.1344706405095,0.0
"(-10.05, -9.95]",0.3395764046910555,42.95197188598203,56.70845170932691,0.0
"(-9.95, -9.85]",0.33607561701382804,43.38149160484186,56.282432778144305,0.0
"(-9.85, -9.75]",0.3325748293366007,43.811011323701685,55.856413846961715,1.0
"(-9.75, -9.65]",0.3290740416593733,44.2405310425615,55.430394915779125,2.0
"(-9.65, -9.55]",0.325573253982146,44.67005076142132,55.004375984596535,0.0
"(-9.55, -9.45]",0.3220724663049186,45.09957048028114,54.57835705341394,0.0
"(-9.45, -9.35]",0.3185716786276912,45.52909019914097,54.15233812223134,1.0
"(-9.35, -9.25]",0.3150708909504638,45.95860991800078,53.72631919104875,0.0
"(-9.25, -9.15]",0.3115701032732365,46.388129636860604,53.30030025986616,0.0
"(-9.15, -9.05]",0.3080693155960091,46.81764935572042,52.874281328683566,0.0
"(-9.05, -8.95]",0.30456852791878175,47.24716907458024,52.448262397500976,0.0
"(-8.95, -8.85]",0.3010677402415543,47.676688793440064,52.02224346631838,2.0
"(-8.85, -8.75]",0.2975669525643269,48.10620851229989,51.59622453513579,1.0
"(-8.75, -8.65]",0.2940661648870996,48.5357282311597,51.17020560395319,1.0
"(-8.65, -8.55]",0.2905653772098722,48.965247950019524,50.7441866727706,2.0
"(-8.55, -8.45]",0.28706458953264485,49.39476766887934,50.31816774158801,0.0
"(-8.45, -8.35]",0.2835638018554174,49.82428738773917,49.89214881040541,0.0
"(-8.35, -8.25]",0.2800630141781901,50.253807106598984,49.46612987922282,2.0
"(-8.25, -8.15]",0.2765622265009627,50.683326825458806,49.04011094804023,6.0
"(-8.15, -8.05]",0.27306143882373535,51.11284654431862,48.61409201685764,3.0
"(-8.05, -7.95]",0.26956065114650796,51.542366263178444,48.18807308567504,4.0
"(-7.95, -7.85]",0.2660598634692805,51.97188598203827,47.762054154492446,3.0
"(-7.85, -7.75]",0.2625590757920532,52.40140570089809,47.33603522330986,3.0
"(-7.75, -7.65]",0.2590582881148258,52.83092541975791,46.91001629212727,1.0
"(-7.65, -7.55]",0.25555750043759845,53.260445138617726,46.48399736094467,3.0
"(-7.55, -7.45]",0.25205671276037106,53.68996485747755,46.05797842976208,1.0
"(-7.45, -7.35]",0.24855592508314367,54.11948457633737,45.631959498579484,6.0
"(-7.35, -7.25]",0.24505513740591628,54.54900429519719,45.205940567396894,0.0
"(-7.25, -7.15]",0.24155434972868894,54.97852401405701,44.7799216362143,1.0
"(-7.15, -7.05]",0.23805356205146155,55.40804373291683,44.35390270503171,3.0
"(-7.05, -6.95]",0.23455277437423416,55.837563451776646,43.92788377384912,1.0
"(-6.95, -6.85]",0.23105198669700677,56.267083170636475,43.50186484266652,1.0
"(-6.85, -6.75]",0.22755119901977938,56.69660288949629,43.075845911483924,2.0
"(-6.75, -6.65]",0.22405041134255205,57.12612260835611,42.649826980301334,2.0
"(-6.65, -6.55]",0.22054962366532466,57.55564232721593,42.223808049118745,1.0
"(-6.55, -6.45]",0.21704883598809732,57.98516204607575,41.797789117936155,3.0
"(-6.45, -6.35]",0.21354804831086988,58.41468176493557,41.37177018675355,4.0
"(-6.35, -6.25]",0.21004726063364254,58.844201483795395,40.94575125557096,3.0
"(-6.25, -6.15]",0.20654647295641515,59.27372120265521,40.51973232438837,3.0
"(-6.15, -6.05]",0.20304568527918782,59.70324092151503,40.093713393205775,1.0
"(-6.05, -5.95]",0.19954489760196042,60.132760640374855,39.667694462023185,2.0
"(-5.95, -5.85]",0.19604410992473298,60.56228035923468,39.24167553084059,4.0
"(-5.85, -5.75]",0.19254332224750564,60.9918000780945,38.815656599658,6.0
"(-5.75, -5.65]",0.1890425345702783,61.421319796954315,38.3896376684754,2.0
"(-5.65, -5.55]",0.18554174689305092,61.85083951581414,37.96361873729281,7.0
"(-5.55, -5.45]",0.18204095921582353,62.28035923467395,37.53759980611022,8.0
"(-5.45, -5.35]",0.17854017153859614,62.70987895353378,37.111580874927625,8.0
"(-5.35, -5.25]",0.17503938386136875,63.1393986723936,36.68556194374503,20.0
"(-5.25, -5.15]",0.17153859618414136,63.56891839125342,36.25954301256244,10.0
"(-5.15, -5.05]",0.16803780850691408,63.998438110113234,35.83352408137985,9.0
"(-5.05, -4.95]",0.1645370208296867,64.42795782897305,35.40750515019726,14.0
"(-4.95, -4.85]",0.16103623315245919,64.85747754783289,34.981486219014656,12.0
"(-4.85, -4.75]",0.1575354454752319,65.2869972666927,34.55546728783207,26.0
"(-4.75, -4.65]",0.15403465779800452,65.71651698555252,34.129448356649476,6.0
"(-4.65, -4.55]",0.15053387012077712,66.14603670441234,33.70342942546688,6.0
"(-4.55, -4.45]",0.14703308244354973,66.57555642327216,33.2774104942843,5.0
"(-4.45, -4.35]",0.14353229476632234,67.00507614213198,32.851391563101686,3.0
"(-4.35, -4.25]",0.14003150708909495,67.4345958609918,32.4253726319191,3.0
"(-4.25, -4.15]",0.13653071941186767,67.86411557985161,31.999353700736506,5.0
"(-4.15, -4.05]",0.13302993173464028,68.29363529871144,31.573334769553924,6.0
"(-4.05, -3.95]",0.1295291440574129,68.72315501757126,31.147315838371327,2.0
"(-3.95, -3.85]",0.1260283563801855,69.15267473643108,30.72129690718873,1.0
"(-3.85, -3.75]",0.12252756870295811,69.5821944552909,30.295277976006147,6.0
"(-3.75, -3.65]",0.11902678102573072,70.01171417415073,29.86925904482355,6.0
"(-3.65, -3.55]",0.11552599334850333,70.44123389301055,29.44324011364094,3.0
"(-3.55, -3.45]",0.11202520567127605,70.87075361187036,29.017221182458357,4.0
"(-3.45, -3.35]",0.10852441799404855,71.30027333073019,28.59120225127576,3.0
"(-3.35, -3.25]",0.10502363031682127,71.72979304959,28.165183320093178,2.0
"(-3.25, -3.15]",0.10152284263959388,72.15931276844982,27.73916438891058,3.0
"(-3.15, -3.05]",0.09802205496236638,72.58883248730965,27.313145457727984,9.0
"(-3.05, -2.95]",0.0945212672851391,73.01835220616947,26.8871265265454,7.0
"(-2.95, -2.85]",0.09102047960791171,73.44787192502929,26.461107595362805,7.0
"(-2.85, -2.75]",0.08751969193068443,73.8773916438891,26.035088664180208,11.0
"(-2.75, -2.65]",0.08401890425345693,74.30691136274892,25.60906973299761,4.0
"(-2.65, -2.55]",0.08051811657622954,74.73643108160876,25.183050801815014,7.0
"(-2.55, -2.45]",0.07701732889900226,75.16595080046856,24.75703187063243,6.0
"(-2.45, -2.35]",0.07351654122177487,75.59547051932839,24.331012939449835,8.0
"(-2.35, -2.25]",0.07001575354454748,76.0249902381882,23.904994008267252,9.0
"(-2.25, -2.15]",0.06651496586732009,76.45450995704803,23.478975077084655,2.0
"(-2.15, -2.05]",0.0630141781900927,76.88402967590785,23.052956145902044,11.0
"(-2.05, -1.95]",0.059513390512865305,77.31354939476766,22.62693721471946,11.0
"(-1.95, -1.85]",0.056012602835637915,77.7430691136275,22.200918283536865,8.0
"(-1.85, -1.75]",0.052511815158410635,78.1725888324873,21.774899352354282,10.0
"(-1.75, -1.65]",0.049011027481183245,78.60210855134713,21.348880421171685,7.0
"(-1.65, -1.55]",0.04551023980395574,79.03162827020695,20.92286148998909,11.0
"(-1.55, -1.45]",0.042009452126728464,79.46114798906677,20.496842558806506,7.0
"(-1.45, -1.35]",0.03850866444950107,79.8906677079266,20.07082362762391,7.0
"(-1.35, -1.25]",0.035007876772273794,80.3201874267864,19.644804696441312,6.0
"(-1.25, -1.15]",0.03150708909504629,80.74970714564623,19.218785765258716,10.0
"(-1.15, -1.05]",0.028006301417818902,81.17922686450606,18.79276683407612,4.0
"(-1.05, -0.95]",0.024505513740591622,81.60874658336587,18.366747902893536,4.0
"(-0.95, -0.85]",0.02100472606336412,82.0382663022257,17.94072897171094,13.0
"(-0.85, -0.75]",0.01750393838613684,82.4677860210855,17.514710040528357,6.0
"(-0.75, -0.65]",0.014003150708909451,82.89730573994534,17.08869110934576,6.0
"(-0.65, -0.55]",0.01050236303168206,83.32682545880516,16.66267217816315,5.0
"(-0.55, -0.45]",0.00700157535445467,83.75634517766497,16.236653246980566,7.0
"(-0.45, -0.35]",0.0035007876772272795,84.18586489652479,15.81063431579797,45.0
"(-0.35, -0.25]",0.0,84.61538461538461,15.384615384615385,130.0
"(-0.25, -0.15]",1.1235955056179776,83.70786516853933,15.168539325842698,178.0
"(-0.15, -0.05]",2.7777777777777777,85.64814814814815,11.574074074074074,216.0
"(-0.05, 0.05]",6.946541830262761,88.88553307157959,4.1679250981576565,3311.0
"(0.05, 0.15]",18.421052631578945,78.28947368421053,3.289473684210526,304.0
"(0.15, 0.25]",15.469613259668508,81.21546961325967,3.314917127071823,181.0
"(0.25, 0.35]",23.684210526315788,75.6578947368421,0.6578947368421052,152.0
"(0.35, 0.45]",24.046798323210925,75.29864650713905,0.6545551696500133,33.0
"(0.45, 0.55]",24.409386120106063,74.939398277436,0.6512156024579214,11.0
"(0.55, 0.65]",24.7719739170012,74.58015004773296,0.6478760352658295,13.0
"(0.65, 0.75]",25.13456171389634,74.22090181802992,0.6445364680737375,11.0
"(0.75, 0.85]",25.497149510791477,73.86165358832686,0.6411969008816457,4.0
"(0.85, 0.95]",25.859737307686615,73.50240535862382,0.6378573336895538,9.0
"(0.95, 1.05]",26.222325104581753,73.14315712892078,0.6345177664974618,8.0
"(1.05, 1.15]",26.58491290147689,72.78390889921772,0.63117819930537,11.0
"(1.15, 1.25]",26.94750069837203,72.42466066951468,0.6278386321132781,7.0
"(1.25, 1.35]",27.310088495267166,72.06541243981164,0.6244990649211861,9.0
"(1.35, 1.45]",27.672676292162308,71.70616421010858,0.6211594977290943,7.0
"(1.45, 1.55]",28.035264089057442,71.34691598040554,0.6178199305370023,8.0
"(1.55, 1.65]",28.397851885952583,70.9876677507025,0.6144803633449104,4.0
"(1.65, 1.75]",28.760439682847718,70.62841952099944,0.6111407961528186,10.0
"(1.75, 1.85]",29.12302747974286,70.2691712912964,0.6078012289607266,5.0
"(1.85, 1.95]",29.485615276637997,69.90992306159336,0.6044616617686347,9.0
"(1.95, 2.05]",29.848203073533135,69.55067483189032,0.6011220945765429,5.0
"(2.05, 2.15]",30.210790870428273,69.19142660218726,0.5977825273844509,10.0
"(2.15, 2.25]",30.57337866732341,68.83217837248422,0.594442960192359,8.0
"(2.25, 2.35]",30.93596646421855,68.47293014278117,0.5911033930002672,12.0
"(2.35, 2.45]",31.298554261113686,68.11368191307812,0.5877638258081752,12.0
"(2.45, 2.55]",31.661142058008824,67.75443368337508,0.5844242586160833,12.0
"(2.55, 2.65]",32.02372985490396,67.39518545367204,0.5810846914239914,7.0
"(2.65, 2.75]",32.386317651799104,67.03593722396899,0.5777451242318995,4.0
"(2.75, 2.85]",32.74890544869424,66.67668899426594,0.5744055570398076,5.0
"(2.85, 2.95]",33.11149324558938,66.31744076456289,0.5710659898477157,12.0
"(2.95, 3.05]",33.474081042484514,65.95819253485985,0.5677264226556238,3.0
"(3.05, 3.15]",33.836668839379655,65.5989443051568,0.5643868554635318,8.0
"(3.15, 3.25]",34.19925663627479,65.23969607545376,0.56104728827144,10.0
"(3.25, 3.35]",34.56184443316993,64.88044784575071,0.5577077210793481,5.0
"(3.35, 3.45]",34.924432230065065,64.52119961604767,0.5543681538872561,3.0
"(3.45, 3.55]",35.28702002696021,64.16195138634461,0.5510285866951643,3.0
"(3.55, 3.65]",35.64960782385534,63.80270315664158,0.5476890195030724,6.0
"(3.65, 3.75]",36.01219562075048,63.44345492693853,0.5443494523109804,4.0
"(3.75, 3.85]",36.37478341764562,63.08420669723548,0.5410098851188886,2.0
"(3.85, 3.95]",36.73737121454076,62.72495846753243,0.5376703179267966,9.0
"(3.95, 4.05]",37.0999590114359,62.36571023782939,0.5343307507347047,5.0
"(4.05, 4.15]",37.462546808331034,62.00646200812635,0.5309911835426129,6.0
"(4.15, 4.25]",37.825134605226175,61.64721377842329,0.5276516163505209,2.0
"(4.25, 4.35]",38.18772240212131,61.28796554872025,0.524312049158429,6.0
"(4.35, 4.45]",38.550310199016444,60.92871731901721,0.5209724819663372,5.0
"(4.45, 4.55]",38.912897995911585,60.569469089314154,0.5176329147742452,3.0
"(4.55, 4.65]",39.27548579280672,60.21022085961111,0.5142933475821533,9.0
"(4.65, 4.75]",39.63807358970186,59.850972629908064,0.5109537803900615,8.0
"(4.75, 4.85]",40.000661386597,59.49172440020502,0.5076142131979695,7.0
"(4.85, 4.95]",40.36324918349214,59.132476170501974,0.5042746460058776,14.0
"(4.95, 5.05]",40.72583698038728,58.77322794079893,0.5009350788137856,16.0
"(5.05, 5.15]",41.08842477728241,58.413979711095884,0.4975955116216938,36.0
"(5.15, 5.25]",41.451012574177554,58.054731481392835,0.49425594442960186,18.0
"(5.25, 5.35]",41.81360037107269,57.695483251689794,0.49091637723750997,13.0
"(5.35, 5.45]",42.17618816796782,57.336235021986745,0.4875768100454181,14.0
"(5.45, 5.55]",42.538775964862964,56.9769867922837,0.48423724285332614,9.0
"(5.55, 5.65]",42.901363761758105,56.617738562580655,0.48089767566123426,10.0
"(5.65, 5.75]",43.26395155865325,56.2584903328776,0.4775581084691424,9.0
"(5.75, 5.85]",43.62653935554838,55.89924210317456,0.47421854127705043,9.0
"(5.85, 5.95]",43.989127152443515,55.539993873471516,0.4708789740849586,2.0
"(5.95, 6.05]",44.35171494933866,55.18074564376847,0.46753940689286666,3.0
"(6.05, 6.15]",44.7143027462338,54.82149741406542,0.4641998397007747,2.0
"(6.15, 6.25]",45.07689054312893,54.46224918436238,0.46086027250868283,3.0
"(6.25, 6.35]",45.43947834002407,54.10300095465933,0.45752070531659095,8.0
"(6.35, 6.45]",45.80206613691921,53.74375272495628,0.454181138124499,3.0
"(6.45, 6.55]",46.16465393381435,53.38450449525324,0.4508415709324071,6.0
"(6.55, 6.65]",46.527241730709484,53.02525626555019,0.44750200374031524,2.0
"(6.65, 6.75]",46.889829527604626,52.66600803584714,0.4441624365482233,3.0
"(6.75, 6.85]",47.25241732449976,52.3067598061441,0.4408228693561314,6.0
"(6.85, 6.95]",47.6150051213949,51.94751157644106,0.4374833021640395,3.0
"(6.95, 7.05]",47.97759291829004,51.588263346738,0.4341437349719476,1.0
"(7.05, 7.15]",48.34018071518517,51.22901511703496,0.4308041677798557,3.0
"(7.15, 7.25]",48.70276851208031,50.86976688733191,0.4274646005877638,1.0
"(7.25, 7.35]",49.06535630897545,50.510518657628865,0.42412503339567187,4.0
"(7.35, 7.45]",49.42794410587059,50.15127042792582,0.42078546620358004,3.0
"(7.45, 7.55]",49.79053190276573,49.792022198222774,0.4174458990114881,1.0
"(7.55, 7.65]",50.15311969966086,49.432773968519726,0.41410633181939616,4.0
"(7.65, 7.75]",50.515707496556004,49.073525738816684,0.41076676462730427,1.0
"(7.75, 7.85]",50.878295293451146,48.714277509113636,0.4074271974352124,1.0
"(7.85, 7.95]",51.24088309034627,48.355029279410594,0.4040876302431205,3.0
"(7.95, 8.05]",51.603470887241414,47.995781049707546,0.40074806305102856,3.0
"(8.05, 8.15]",51.966058684136556,47.6365328200045,0.3974084958589366,3.0
"(8.15, 8.25]",52.3286464810317,47.27728459030145,0.39406892866684473,0.0
"(8.25, 8.35]",52.69123427792683,46.91803636059841,0.39072936147475285,2.0
"(8.35, 8.45]",53.053822074821966,46.558788130895365,0.38738979428266096,1.0
"(8.45, 8.55]",53.41640987171711,46.19953990119232,0.3840502270905691,2.0
"(8.55, 8.65]",53.77899766861225,45.84029167148927,0.38071065989847713,2.0
"(8.65, 8.75]",54.14158546550739,45.48104344178622,0.3773710927063852,1.0
"(8.75, 8.85]",54.50417326240252,45.12179521208318,0.3740315255142933,1.0
"(8.85, 8.95]",54.86676105929766,44.76254698238013,0.3706919583222014,1.0
"(8.95, 9.05]",55.2293488561928,44.40329875267709,0.36735239113010953,0.0
"(9.05, 9.15]",55.59193665308794,44.04405052297403,0.3640128239380176,0.0
"(9.15, 9.25]",55.954524449983076,43.68480229327099,0.3606732567459257,1.0
"(9.25, 9.35]",56.31711224687821,43.32555406356795,0.3573336895538338,2.0
"(9.35, 9.45]",56.67970004377335,42.9663058338649,0.35399412236174194,0.0
"(9.45, 9.55]",57.042287840668486,42.60705760416186,0.35065455516965,2.0
"(9.55, 9.65]",57.40487563756363,42.247809374458804,0.34731498797755805,1.0
"(9.65, 9.75]",57.76746343445877,41.88856114475576,0.34397542078546617,0.0
"(9.75, 9.85]",58.1300512313539,41.529312915052714,0.3406358535933743,1.0
"(9.85, 9.95]",58.49263902824904,41.17006468534967,0.3372962864012824,2.0
"(9.95, 10.05]",58.85522682514418,40.81081645564662,0.3339567192091905,1.0
"(10.05, 10.15]",59.21781462203932,40.451568225943575,0.3306171520170985,1.0
"(10.15, 10.25]",59.580402418934455,40.092319996240526,0.32727758482500663,3.0
"(10.25, 10.35]",59.94299021582959,39.733071766537485,0.32393801763291474,1.0
"(10.35, 10.45]",60.30557801272473,39.37382353683444,0.32059845044082286,0.0
"(10.45, 10.55]",60.668165809619865,39.014575307131395,0.31725888324873097,0.0
"(10.55, 10.65]",61.030753606515006,38.655327077428346,0.31391931605663903,2.0
"(10.65, 10.75]",61.39334140341015,38.2960788477253,0.31057974886454714,1.0
"(10.75, 10.85]",61.75592920030528,37.936830618022256,0.30724018167245526,2.0
"(10.85, 10.95]",62.118516997200416,37.57758238831921,0.3039006144803633,0.0
"(10.95, 11.05]",62.48110479409556,37.218334158616166,0.30056104728827143,0.0
"(11.05, 11.15]",62.8436925909907,36.85908592891311,0.2972214800961795,1.0
"(11.15, 11.25]",63.20628038788583,36.49983769921007,0.2938819129040876,2.0
"(11.25, 11.35]",63.568868184780975,36.14058946950702,0.2905423457119957,0.0
"(11.35, 11.45]",63.93145598167611,35.78134123980398,0.28720277851990383,0.0
"(11.45, 11.55]",64.29404377857125,35.42209301010094,0.28386321132781195,0.0
"(11.55, 11.65]",64.65663157546639,35.06284478039788,0.28052364413571995,0.0
"(11.65, 11.75]",65.01921937236153,34.70359655069484,0.27718407694362807,1.0
"(11.75, 11.85]",65.38180716925666,34.34434832099179,0.2738445097515362,0.0
"(11.85, 11.95]",65.7443949661518,33.98510009128875,0.2705049425594443,0.0
"(11.95, 12.05]",66.10698276304694,33.6258518615857,0.2671653753673524,0.0
"(12.05, 12.15]",66.46957055994207,33.26660363188265,0.26382580817526047,1.0
"(12.15, 12.25]",66.83215835683723,32.907355402179604,0.2604862409831686,1.0
"(12.25, 12.35]",67.19474615373235,32.54810717247656,0.2571466737910767,3.0
"(12.35, 12.45]",67.55733395062748,32.18885894277352,0.25380710659898476,0.0
"(12.45, 12.55]",67.91992174752264,31.829610713070473,0.25046753940689287,0.0
"(12.55, 12.65]",68.28250954441776,31.470362483367424,0.24712797221480093,0.0
"(12.65, 12.75]",68.6450973413129,31.111114253664375,0.24378840502270904,0.0
"(12.75, 12.85]",69.00768513820805,30.751866023961334,0.24044883783061716,1.0
"(12.85, 12.95]",69.37027293510317,30.392617794258285,0.23710927063852527,0.0
"(12.95, 13.05]",69.73286073199831,30.033369564555244,0.23376970344643339,0.0
"(13.05, 13.15]",70.09544852889346,29.674121334852188,0.2304301362543414,0.0
"(13.15, 13.25]",70.4580363257886,29.314873105149147,0.2270905690622495,0.0
"(13.25, 13.35]",70.82062412268374,28.955624875446105,0.22375100187015762,0.0
"(13.35, 13.45]",71.18321191957887,28.596376645743057,0.22041143467806573,0.0
"(13.45, 13.55]",71.54579971647401,28.237128416040015,0.21707186748597385,0.0
"(13.55, 13.65]",71.90838751336915,27.87788018633696,0.2137323002938819,0.0
"(13.65, 13.75]",72.27097531026429,27.518631956633918,0.21039273310179002,0.0
"(13.75, 13.85]",72.63356310715943,27.15938372693087,0.20705316590969808,0.0
"(13.85, 13.95]",72.99615090405456,26.800135497227828,0.2037135987176062,0.0
"(13.95, 14.05]",73.3587387009497,26.44088726752478,0.2003740315255143,1.0
"(14.05, 14.15]",73.72132649784484,26.08163903782173,0.19703446433342237,0.0
"(14.15, 14.25]",74.08391429473997,25.722390808118682,0.19369489714133048,0.0
"(14.25, 14.35]",74.44650209163512,25.36314257841564,0.1903553299492386,0.0
"(14.35, 14.45]",74.80908988853025,25.0038943487126,0.1870157627571467,0.0
"(14.45, 14.55]",75.17167768542538,24.64464611900955,0.18367619556505482,0.0
"(14.55, 14.65]",75.53426548232054,24.285397889306502,0.18033662837296283,0.0
"(14.65, 14.75]",75.89685327921566,23.926149659603453,0.17699706118087094,0.0
"(14.75, 14.85]",76.2594410761108,23.566901429900412,0.17365749398877905,0.0
"(14.85, 14.95]",76.62202887300595,23.207653200197363,0.17031792679668717,0.0
"(14.95, 15.05]",76.98461666990107,22.84840497049432,0.16697835960459528,0.0
"(15.05, 15.15]",77.34720446679623,22.489156740791266,0.16363879241250334,0.0
"(15.15, 15.25]",77.70979226369136,22.129908511088225,0.1602992252204114,0.0
"(15.25, 15.35]",78.0723800605865,21.770660281385176,0.15695965802831957,0.0
"(15.35, 15.45]",78.43496785748164,21.411412051682134,0.15362009083622763,0.0
"(15.45, 15.55]",78.79755565437677,21.052163821979093,0.1502805236441358,0.0
"(15.55, 15.65]",79.16014345127192,20.692915592276037,0.14694095645204375,0.0
"(15.65, 15.75]",79.52273124816705,20.333667362572996,0.14360138925995192,0.0
"(15.75, 15.85]",79.88531904506218,19.974419132869947,0.14026182206785998,0.0
"(15.85, 15.95]",80.24790684195733,19.615170903166906,0.13692225487576815,0.0
"(15.95, 16.05]",80.61049463885246,19.255922673463857,0.1335826876836762,0.0
"(16.05, 16.15]",80.9730824357476,18.89667444376081,0.13024312049158426,0.0
"(16.15, 16.25]",81.33567023264274,18.537426214057767,0.12690355329949243,0.0
"(16.25, 16.35]",81.69825802953787,18.17817798435472,0.12356398610740049,0.0
"(16.35, 16.45]",82.06084582643302,17.81892975465167,0.12022441891530855,0.0
"(16.45, 16.55]",82.42343362332815,17.45968152494863,0.11688485172321672,0.0
"(16.55, 16.65]",82.78602142022329,17.10043329524558,0.11354528453112478,0.0
"(16.65, 16.75]",83.14860921711842,16.74118506554254,0.11020571733903295,0.0
"(16.75, 16.85]",83.51119701401356,16.38193683583949,0.10686615014694101,0.0
"(16.85, 16.95]",83.87378481090872,16.022688606136434,0.10352658295484907,0.0
"(16.95, 17.05]",84.23637260780384,15.6634403764334,0.10018701576275724,0.0
"(17.05, 17.15]",84.59896040469899,15.304192146730344,0.09684744857066518,0.0
"(17.15, 17.25]",84.96154820159411,14.94494391702731,0.09350788137857335,0.0
"(17.25, 17.35]",85.32413599848925,14.585695687324261,0.09016831418648141,0.0
"(17.35, 17.45]",85.68672379538441,14.226447457621205,0.08682874699438947,0.0
"(17.45, 17.55]",86.04931159227954,13.86719922791817,0.08348917980229764,0.0
"(17.55, 17.65]",86.41189938917466,13.507950998215115,0.0801496126102057,0.0
"(17.65, 17.75]",86.7744871860698,13.14870276851208,0.07681004541811387,0.0
"(17.75, 17.85]",87.13707498296495,12.789454538809025,0.07347047822602193,0.0
"(17.85, 17.95]",87.49966277986009,12.430206309105976,0.07013091103392999,0.0
"(17.95, 18.05]",87.86225057675523,12.070958079402935,0.06679134384183816,0.0
"(18.05, 18.15]",88.22483837365036,11.711709849699886,0.06345177664974622,0.0
"(18.15, 18.25]",88.58742617054548,11.352461619996845,0.060112209457654386,0.0
"(18.25, 18.35]",88.95001396744064,10.993213390293803,0.056772642265562445,0.0
"(18.35, 18.45]",89.31260176433577,10.633965160590748,0.053433075073470504,0.0
"(18.45, 18.55]",89.67518956123092,10.274716930887706,0.050093507881378674,0.0
"(18.55, 18.65]",90.03777735812605,9.91546870118465,0.04675394068928662,0.0
"(18.65, 18.75]",90.40036515502118,9.556220471481623,0.04341437349719479,0.0
"(18.75, 18.85]",90.76295295191633,9.196972241778568,0.04007480630510285,0.0
"(18.85, 18.95]",91.12554074881146,8.837724012075512,0.03673523911301091,0.0
"(18.95, 19.05]",91.48812854570659,8.47847578237247,0.03339567192091908,0.0
"(19.05, 19.15]",91.85071634260174,8.119227552669429,0.030056104728827138,0.0
"(19.15, 19.25]",92.21330413949687,7.759979322966387,0.026716537536735308,0.0
"(19.25, 19.35]",92.57589193639203,7.400731093263332,0.023376970344643366,0.0
"(19.35, 19.45]",92.93847973328715,7.04148286356029,0.020037403152551425,0.0
"(19.45, 19.55]",93.30106753018228,6.682234633857249,0.016697835960459595,0.0
"(19.55, 19.65]",93.66365532707744,6.322986404154193,0.013358268768367654,0.0
"(19.65, 19.75]",94.02624312397256,5.9637381744511515,0.010018701576275824,0.0
"(19.75, 19.85]",94.38883092086772,5.60448994474811,0.006679134384183882,0.0
"(19.85, 19.95]",94.75141871776285,5.245241715045054,0.00333956719209183,0.0
"(19.95, 20.05]",95.11400651465797,4.88599348534202,0.0,307.0
"(20.05, ∞)",95.0,5.0,0.0,101.0
