Interval,WinningChance,DrawingChance,LosingChance,TotalGames
"(-∞, -20.05]",1.6458382456967697,0.7734024994105163,97.58075925489271,139.0
"(-20.05, -19.95]",1.6458382456967697,0.7734024994105163,97.58075925489271,21205.0
"(-19.95, -19.85]",1.6267005916770396,0.7644094470917893,97.60888996123117,0.0
"(-19.85, -19.75]",1.6075629376573102,0.7554163947730625,97.63702066756963,0.0
"(-19.75, -19.65]",1.58842528363758,0.7464233424543354,97.66515137390809,1.0
"(-19.65, -19.55]",1.5692876296178497,0.7374302901356083,97.69328208024653,0.0
"(-19.55, -19.45]",1.5501499755981203,0.7284372378168816,97.72141278658499,1.0
"(-19.45, -19.35]",1.5310123215783902,0.7194441854981546,97.74954349292345,2.0
"(-19.35, -19.25]",1.5118746675586607,0.7104511331794279,97.77767419926191,2.0
"(-19.25, -19.15]",1.4927370135389306,0.7014580808607008,97.80580490560037,1.0
"(-19.15, -19.05]",1.4735993595192005,0.6924650285419738,97.83393561193883,1.0
"(-19.05, -18.95]",1.454461705499471,0.683471976223247,97.86206631827729,3.0
"(-18.95, -18.85]",1.4353240514797407,0.6744789239045199,97.89019702461573,1.0
"(-18.85, -18.75]",1.4161863974600113,0.6654858715857932,97.91832773095419,0.0
"(-18.75, -18.65]",1.3970487434402812,0.6564928192670662,97.94645843729265,3.0
"(-18.65, -18.55]",1.377911089420551,0.6474997669483391,97.9745891436311,0.0
"(-18.55, -18.45]",1.3587734354008216,0.6385067146296124,98.00271984996957,0.0
"(-18.45, -18.35]",1.3396357813810913,0.6295136623108852,98.03085055630802,0.0
"(-18.35, -18.25]",1.320498127361362,0.6205206099921585,98.05898126264648,1.0
"(-18.25, -18.15]",1.3013604733416317,0.6115275576734315,98.08711196898494,0.0
"(-18.15, -18.05]",1.2822228193219016,0.6025345053547044,98.11524267532339,5.0
"(-18.05, -17.95]",1.2630851653021722,0.5935414530359777,98.14337338166185,1.0
"(-17.95, -17.85]",1.243947511282442,0.5845484007172506,98.1715040880003,0.0
"(-17.85, -17.75]",1.2248098572627126,0.5755553483985238,98.19963479433876,1.0
"(-17.75, -17.65]",1.2056722032429823,0.5665622960797968,98.22776550067722,2.0
"(-17.65, -17.55]",1.1865345492232522,0.5575692437610698,98.25589620701568,3.0
"(-17.55, -17.45]",1.1673968952035227,0.548576191442343,98.28402691335413,2.0
"(-17.45, -17.35]",1.1482592411837926,0.5395831391236159,98.31215761969258,3.0
"(-17.35, -17.25]",1.1291215871640632,0.5305900868048892,98.34028832603104,1.0
"(-17.25, -17.15]",1.109983933144333,0.5215970344861621,98.3684190323695,2.0
"(-17.15, -17.05]",1.090846279124603,0.5126039821674351,98.39654973870796,0.0
"(-17.05, -16.95]",1.0717086251048733,0.5036109298487084,98.42468044504642,1.0
"(-16.95, -16.85]",1.0525709710851432,0.49461787752998126,98.45281115138488,3.0
"(-16.85, -16.75]",1.0334333170654137,0.48562482521125455,98.48094185772334,2.0
"(-16.75, -16.65]",1.0142956630456836,0.47663177289252745,98.50907256406178,2.0
"(-16.65, -16.55]",0.9951580090259535,0.4676387205738004,98.53720327040024,1.0
"(-16.55, -16.45]",0.9760203550062241,0.4586456682550737,98.5653339767387,5.0
"(-16.45, -16.35]",0.9568827009864939,0.4496526159363466,98.59346468307716,3.0
"(-16.35, -16.25]",0.9377450469667644,0.4406595636176199,98.62159538941562,2.0
"(-16.25, -16.15]",0.9186073929470343,0.43166651129889283,98.64972609575408,5.0
"(-16.15, -16.05]",0.8994697389273041,0.42267345898016573,98.67785680209253,3.0
"(-16.05, -15.95]",0.8803320849075746,0.413680406661439,98.70598750843098,3.0
"(-15.95, -15.85]",0.8611944308878445,0.40468735434271197,98.73411821476944,3.0
"(-15.85, -15.75]",0.8420567768681146,0.39569430202398503,98.7622489211079,5.0
"(-15.75, -15.65]",0.8229191228483849,0.38670124970525815,98.79037962744636,6.0
"(-15.65, -15.55]",0.8037814688286551,0.3777081973865313,98.81851033378481,4.0
"(-15.55, -15.45]",0.7846438148089252,0.36871514506780434,98.84664104012327,4.0
"(-15.45, -15.35]",0.7655061607891951,0.3597220927490773,98.87477174646173,6.0
"(-15.35, -15.25]",0.7463685067694653,0.3507290404303504,98.90290245280018,4.0
"(-15.25, -15.15]",0.7272308527497355,0.3417359881116235,98.93103315913864,7.0
"(-15.15, -15.05]",0.7080931987300056,0.3327429357928966,98.9591638654771,7.0
"(-15.05, -14.95]",0.6889555447102759,0.32374988347416966,98.98729457181555,10.0
"(-14.95, -14.85]",0.6698178906905458,0.3147568311554426,99.01542527815401,7.0
"(-14.85, -14.75]",0.6506802366708159,0.30576377883671574,99.04355598449247,9.0
"(-14.75, -14.65]",0.6315425826510861,0.2967707265179888,99.07168669083093,15.0
"(-14.65, -14.55]",0.6124049286313562,0.2877776741992619,99.09981739716937,9.0
"(-14.55, -14.45]",0.5932672746116265,0.27878462188053504,99.12794810350783,13.0
"(-14.45, -14.35]",0.5741296205918964,0.26979156956180794,99.15607880984629,10.0
"(-14.35, -14.25]",0.5549919665721665,0.2607985172430811,99.18420951618475,7.0
"(-14.25, -14.15]",0.5358543125524367,0.2518054649243542,99.21234022252321,9.0
"(-14.15, -14.05]",0.516716658532707,0.24281241260562725,99.24047092886167,15.0
"(-14.05, -13.95]",0.4975790045129771,0.23381936028690042,99.26860163520013,19.0
"(-13.95, -13.85]",0.478441350493247,0.22482630796817327,99.29673234153859,15.0
"(-13.85, -13.75]",0.4593036964735171,0.21583325564944644,99.32486304787703,12.0
"(-13.75, -13.65]",0.44016604245378743,0.2068402033307195,99.35299375421549,20.0
"(-13.65, -13.55]",0.42102838843405754,0.19784715101199257,99.38112446055395,23.0
"(-13.55, -13.45]",0.40189073441432765,0.18885409869326575,99.40925516689241,19.0
"(-13.45, -13.35]",0.38275308039459754,0.1798610463745386,99.43738587323087,27.0
"(-13.35, -13.25]",0.36361542637486766,0.17086799405581177,99.46551657956933,27.0
"(-13.25, -13.15]",0.344477772355138,0.16187494173708483,99.49364728590777,27.0
"(-13.15, -13.05]",0.3253401183354081,0.1528818894183579,99.52177799224623,30.0
"(-13.05, -12.95]",0.30620246431567844,0.14388883709963107,99.54990869858469,53.0
"(-12.95, -12.85]",0.2870648102959481,0.13489578478090403,99.57803940492315,46.0
"(-12.85, -12.75]",0.26792715627621844,0.1259027324621771,99.6061701112616,34.0
"(-12.75, -12.65]",0.24878950225648855,0.11690968014345016,99.63430081760006,52.0
"(-12.65, -12.55]",0.22965184823675866,0.10791662782472333,99.66243152393852,53.0
"(-12.55, -12.45]",0.210514194217029,0.0989235755059964,99.69056223027698,50.0
"(-12.45, -12.35]",0.19137654019729888,0.08993052318726935,99.71869293661543,57.0
"(-12.35, -12.25]",0.172238886177569,0.08093747086854242,99.74682364295388,61.0
"(-12.25, -12.15]",0.1531012321578391,0.07194441854981548,99.77495434929234,63.0
"(-12.15, -12.05]",0.13396357813810944,0.06295136623108866,99.8030850556308,64.0
"(-12.05, -11.95]",0.11482592411837955,0.05395831391236172,99.83121576196926,74.0
"(-11.95, -11.85]",0.09568827009864944,0.044965261593634676,99.85934646830772,77.0
"(-11.85, -11.75]",0.07655061607891955,0.03597220927490774,99.88747717464618,75.0
"(-11.75, -11.65]",0.05741296205918989,0.026979156956180805,99.91560788098462,86.0
"(-11.65, -11.55]",0.03827530803946,0.01798610463745398,99.94373858732308,86.0
"(-11.55, -11.45]",0.01913765401973011,0.008993052318727046,99.97186929366154,96.0
"(-11.45, -11.35]",0.0,0.0,100.0,110.0
"(-11.35, -11.25]",1.7699115044247788,0.0,98.23008849557522,113.0
"(-11.25, -11.15]",1.6528925619834711,1.6528925619834711,96.69421487603306,121.0
"(-11.15, -11.05]",0.7299270072992701,0.7299270072992701,98.54014598540147,137.0
"(-11.05, -10.95]",1.3986013986013985,0.6993006993006993,97.9020979020979,143.0
"(-10.95, -10.85]",0.6896551724137931,0.6896551724137931,98.62068965517241,145.0
"(-10.85, -10.75]",1.5789473684210527,1.0526315789473684,97.36842105263158,190.0
"(-10.75, -10.65]",3.2432432432432434,0.0,96.75675675675676,185.0
"(-10.65, -10.55]",1.1299435028248588,0.5649717514124294,98.30508474576271,177.0
"(-10.55, -10.45]",1.2121212121212122,2.4242424242424243,96.36363636363636,165.0
"(-10.45, -10.35]",2.0100502512562812,1.507537688442211,96.4824120603015,199.0
"(-10.35, -10.25]",2.242152466367713,1.345291479820628,96.41255605381166,223.0
"(-10.25, -10.15]",0.8264462809917356,0.4132231404958678,98.7603305785124,242.0
"(-10.15, -10.05]",1.1673151750972763,1.1673151750972763,97.66536964980544,257.0
"(-10.05, -9.95]",2.380952380952381,0.6802721088435374,96.93877551020408,294.0
"(-9.95, -9.85]",1.5625,1.25,97.1875,320.0
"(-9.85, -9.75]",1.2853470437017995,1.5424164524421593,97.17223650385604,389.0
"(-9.75, -9.65]",2.1108179419525066,1.3192612137203166,96.56992084432717,379.0
"(-9.65, -9.55]",1.8604651162790697,1.3953488372093024,96.74418604651163,430.0
"(-9.55, -9.45]",0.2331002331002331,1.8648018648018647,97.9020979020979,429.0
"(-9.45, -9.35]",1.0373443983402488,0.6224066390041494,98.3402489626556,482.0
"(-9.35, -9.25]",1.6245487364620936,0.5415162454873645,97.83393501805054,554.0
"(-9.25, -9.15]",1.4466546112115732,0.5424954792043399,98.01084990958408,553.0
"(-9.15, -9.05]",1.584507042253521,0.35211267605633806,98.06338028169014,568.0
"(-9.05, -8.95]",1.9374068554396422,1.0432190760059614,97.0193740685544,671.0
"(-8.95, -8.85]",1.7931034482758619,0.8275862068965517,97.37931034482759,725.0
"(-8.85, -8.75]",2.1226415094339623,0.7075471698113208,97.16981132075472,848.0
"(-8.75, -8.65]",2.9055690072639226,0.9685230024213075,96.12590799031477,826.0
"(-8.65, -8.55]",2.2604951560818085,0.9687836383207751,96.77072120559743,929.0
"(-8.55, -8.45]",2.184235517568851,0.6647673314339981,97.15099715099716,1053.0
"(-8.45, -8.35]",2.224199288256228,0.800711743772242,96.97508896797153,1124.0
"(-8.35, -8.25]",1.7628205128205128,0.5608974358974359,97.67628205128204,1248.0
"(-8.25, -8.15]",1.5127388535031847,0.6369426751592357,97.85031847133759,1256.0
"(-8.15, -8.05]",1.7155110793423873,1.0007147962830594,97.28377412437456,1399.0
"(-8.05, -7.95]",2.104548540393754,1.1541072640868975,96.74134419551935,1473.0
"(-7.95, -7.85]",1.7902813299232736,1.1508951406649617,97.05882352941177,1564.0
"(-7.85, -7.75]",2.4670109007458403,0.8032128514056224,96.72977624784855,1743.0
"(-7.75, -7.65]",2.9201101928374653,0.5509641873278237,96.52892561983471,1815.0
"(-7.65, -7.55]",2.4691358024691357,0.966183574879227,96.56468062265164,1863.0
"(-7.55, -7.45]",2.0762916465475616,1.0140028971511348,96.9097054563013,2071.0
"(-7.45, -7.35]",1.6940948693126814,1.2584704743465636,97.04743465634076,2066.0
"(-7.35, -7.25]",1.718213058419244,0.902061855670103,97.37972508591065,2328.0
"(-7.25, -7.15]",2.4827024827024826,0.9361009361009361,96.58119658119658,2457.0
"(-7.15, -7.05]",2.6184058529072005,1.001155179052753,96.38043896804005,2597.0
"(-7.05, -6.95]",2.312357846853677,0.9855951478392722,96.70204700530705,2638.0
"(-6.95, -6.85]",1.7976735988720478,0.7754670426506873,97.42685935847727,2837.0
"(-6.85, -6.75]",2.790395846852693,0.8760545100584036,96.3335496430889,3082.0
"(-6.75, -6.65]",3.0409356725146197,1.345029239766082,95.6140350877193,3420.0
"(-6.65, -6.55]",2.436950977614055,1.3601586851799377,96.202890337206,3529.0
"(-6.55, -6.45]",2.686489306207616,1.4084507042253522,95.90505998956704,3834.0
"(-6.45, -6.35]",2.5809479117785075,0.9150633505396527,96.50398873768185,4262.0
"(-6.35, -6.25]",2.7418293485413465,1.3818819916648386,95.87628865979381,4559.0
"(-6.25, -6.15]",2.501500900540324,1.640984590754453,95.85751450870522,4997.0
"(-6.15, -6.05]",3.2969103240391857,1.7897513187641296,94.9133383571967,5308.0
"(-6.05, -5.95]",2.8309883031022207,1.3731140871334124,95.79589760976437,5899.0
"(-5.95, -5.85]",3.1836358043678867,1.937865272223931,94.87849892340819,6502.0
"(-5.85, -5.75]",3.268626891236083,1.4987153868113046,95.2326577219526,7006.0
"(-5.75, -5.65]",3.5963909010039394,1.4614309315033678,94.9421781674927,7869.0
"(-5.65, -5.55]",3.7962854806681463,1.705408246700152,94.49830627263171,8561.0
"(-5.55, -5.45]",3.2831887559020534,1.669045788953552,95.0477654551444,9107.0
"(-5.45, -5.35]",4.098524132429198,1.824890307140008,94.07658556043079,10028.0
"(-5.35, -5.25]",4.113354184437494,1.9334660221779927,93.9531797933845,10551.0
"(-5.25, -5.15]",4.323545307151864,1.9546027742749055,93.72185191857324,11102.0
"(-5.15, -5.05]",4.466101694915254,2.1779661016949152,93.35593220338984,11800.0
"(-5.05, -4.95]",4.848630082274942,2.5561147056474156,92.59525521207765,12519.0
"(-4.95, -4.85]",5.0901864873127485,2.5221644756955057,92.38764903699175,13084.0
"(-4.85, -4.75]",5.150120534735919,3.0243261012491782,91.8255533640149,13689.0
"(-4.75, -4.65]",5.355612682090831,3.00628391888032,91.63810339902885,14004.0
"(-4.65, -4.55]",5.930099953042195,3.0455490709062856,91.02435097605152,14907.0
"(-4.55, -4.45]",6.0838513424150245,3.3659568840100516,90.55019177357492,15122.0
"(-4.45, -4.35]",6.569343065693431,3.5036496350364965,89.92700729927007,15755.0
"(-4.35, -4.25]",6.382053194133731,4.045488441461596,89.57245836440467,16092.0
"(-4.25, -4.15]",7.132343922482522,3.967864589721575,88.8997914877959,16306.0
"(-4.15, -4.05]",7.1290478492025136,4.210971483808603,88.65998066698889,16552.0
"(-4.05, -3.95]",7.523979093676411,4.232956177129401,88.24306472919419,17411.0
"(-3.95, -3.85]",7.731370535204839,4.981170831906881,87.28745863288829,17526.0
"(-3.85, -3.75]",8.054474708171206,5.275152862701501,86.6703724291273,17990.0
"(-3.75, -3.65]",8.544110289621436,5.203179720940574,86.25270998943799,17989.0
"(-3.65, -3.55]",8.796147672552166,5.896201177100053,85.30765115034778,18690.0
"(-3.55, -3.45]",9.213934556219273,6.539091822170534,84.2469736216102,18917.0
"(-3.45, -3.35]",9.709491999378592,6.794055201698514,83.49645279892289,19311.0
"(-3.35, -3.25]",9.708447545477199,6.987291303264391,83.3042611512584,20065.0
"(-3.25, -3.15]",10.283877878950188,7.143204947168526,82.5729171738813,20537.0
"(-3.15, -3.05]",10.528082881672981,7.573504724447215,81.89841239387981,20849.0
"(-3.05, -2.95]",10.577905788348973,8.004273901328625,81.4178203103224,21526.0
"(-2.95, -2.85]",11.346909287939676,8.55646362938547,80.09662708267486,22147.0
"(-2.85, -2.75]",12.152685308477587,9.201065246338215,78.6462494451842,22530.0
"(-2.75, -2.65]",12.268032212885153,9.73389355742297,77.99807422969187,22848.0
"(-2.65, -2.55]",12.339840055034827,10.078252644251439,77.58190730071374,23258.0
"(-2.55, -2.45]",12.980749241195793,10.677310714731195,76.34194004407301,24051.0
"(-2.45, -2.35]",13.576145359091097,11.722242729994669,74.70161191091424,24381.0
"(-2.35, -2.25]",13.404390205246058,12.009667961011173,74.58594183374277,25238.0
"(-2.25, -2.15]",14.23855374336805,12.285321281194733,73.47612497543722,25445.0
"(-2.15, -2.05]",14.413764290326256,12.932507881043717,72.65372782863004,26329.0
"(-2.05, -1.95]",14.862866858874844,13.521105936275596,71.61602720484956,27054.0
"(-1.95, -1.85]",15.127665747860148,14.373277237777454,70.49905701436239,27572.0
"(-1.85, -1.75]",15.968799858181173,15.007977308987769,69.02322283283105,28205.0
"(-1.75, -1.65]",15.740837971227553,15.621827855367707,68.63733417340474,28569.0
"(-1.65, -1.55]",16.715323511440015,16.68816620272931,66.59651028583068,29458.0
"(-1.55, -1.45]",17.446154851782854,17.91025263914763,64.64359250906952,30597.0
"(-1.45, -1.35]",17.818011549867332,18.064616825347276,64.11737162478539,32035.0
"(-1.35, -1.25]",17.962523574861596,18.951146802944578,63.08632962219383,32874.0
"(-1.25, -1.15]",18.769994319370944,20.273866116542592,60.95613956408646,33447.0
"(-1.15, -1.05]",19.216167613393086,20.76613478720064,60.017697599406276,35033.0
"(-1.05, -0.95]",19.195947402457424,22.084500970036647,58.71955162750593,37112.0
"(-0.95, -0.85]",19.87356176507776,23.26463522569225,56.861803009229995,39545.0
"(-0.85, -0.75]",20.373761562661407,24.416584495468847,55.20965394186975,42594.0
"(-0.75, -0.65]",20.594691678307722,25.6968003725138,53.708507949178475,45099.0
"(-0.65, -0.55]",21.258056815469086,27.10869738203231,51.63324580249861,50268.0
"(-0.55, -0.45]",21.806930693069308,28.760608203677513,49.43246110325318,56560.0
"(-0.45, -0.35]",22.171310875957076,30.642826226474227,47.18586289756869,67001.0
"(-0.35, -0.25]",22.39462969076703,33.17926708484649,44.42610322438649,81783.0
"(-0.25, -0.15]",22.720833656756966,37.06531863696344,40.213847706279594,103064.0
"(-0.15, -0.05]",23.228920628378486,42.23245565366264,34.53862371795888,126166.0
"(-0.05, 0.05]",25.216598123289703,48.20929770129817,26.574104175412128,316831.0
"(0.05, 0.15]",32.6656949864435,43.720908364286046,23.613396649270456,127614.0
"(0.15, 0.25]",37.857142857142854,39.004157218442934,23.13869992441421,105840.0
"(0.25, 0.35]",41.2851738135486,35.81260565080898,22.902220535642414,86961.0
"(0.35, 0.45]",44.192993943362254,33.16827631363562,22.638729743002127,73308.0
"(0.45, 0.55]",46.92237130552403,30.85091497069295,22.22671372378302,64319.0
"(0.55, 0.65]",49.065787675912006,29.50198114496516,21.432231179122834,58552.0
"(0.65, 0.75]",51.0634359439498,27.877015345315886,21.059548710734315,54023.0
"(0.75, 0.85]",52.444740816286505,26.767607429344736,20.78765175436876,50987.0
"(0.85, 0.95]",54.45227551508347,25.181396702634153,20.366327782282376,48099.0
"(0.95, 1.05]",56.18424793858402,24.14645348964371,19.66929857177227,45721.0
"(1.05, 1.15]",58.088318252589296,22.90317485389354,19.00850689351716,44317.0
"(1.15, 1.25]",59.590577678070666,21.835857169564406,18.573565152364928,42792.0
"(1.25, 1.35]",61.017562481906786,20.910933127472738,18.071504390620476,41452.0
"(1.35, 1.45]",62.01796751833037,20.369860614098748,17.61217186757088,39961.0
"(1.45, 1.55]",64.42418499833542,18.88140541371098,16.694409587953597,39049.0
"(1.55, 1.65]",65.03057905009759,18.383864671437866,16.58555627846454,38425.0
"(1.65, 1.75]",66.7451107684817,17.325326625010142,15.929562606508155,36969.0
"(1.75, 1.85]",67.5630901761555,16.59119774697664,15.845712076867855,36218.0
"(1.85, 1.95]",69.60851063829787,15.463829787234044,14.927659574468086,35250.0
"(1.95, 2.05]",70.10147413717908,14.770447474776843,15.128078388044077,34393.0
"(2.05, 2.15]",71.2588590682003,14.19774602068084,14.543394911118856,34428.0
"(2.15, 2.25]",72.48201438848922,13.444244604316546,14.073741007194245,33360.0
"(2.25, 2.35]",73.9849532454083,12.530839755109499,13.484206999482195,32831.0
"(2.35, 2.45]",75.13586956521739,11.899646107178969,12.964484327603639,31648.0
"(2.45, 2.55]",75.53819219297108,11.480352742834912,12.981455064194009,30844.0
"(2.55, 2.65]",77.04604634299088,10.86060845776064,12.093345199248493,30339.0
"(2.65, 2.75]",77.52704586181721,10.376982810114821,12.095971328067963,30134.0
"(2.75, 2.85]",78.42847317744153,9.876203576341128,11.695323246217331,29080.0
"(2.85, 2.95]",79.68627729956606,9.162694742832752,11.151027957601196,28114.0
"(2.95, 3.05]",80.5095818815331,8.529326364692217,10.961091753774681,27552.0
"(3.05, 3.15]",81.30301122263788,8.06696544316456,10.630023334197562,26999.0
"(3.15, 3.25]",82.88676960339086,7.129881925522252,9.98334847108689,26424.0
"(3.25, 3.35]",83.003300330033,7.2214364293572215,9.775263240609776,25452.0
"(3.35, 3.45]",83.94976144843616,6.646821351384415,9.403417200179423,24523.0
"(3.45, 3.55]",84.63218344319974,6.405953006834634,8.961863549965624,24727.0
"(3.55, 3.65]",84.79600821837393,6.541154765398968,8.662837016227096,23849.0
"(3.65, 3.75]",85.94995759117896,5.805767599660729,8.244274809160306,23580.0
"(3.75, 3.85]",86.17127479491297,5.759798602369894,8.068926602717132,23039.0
"(3.85, 3.95]",87.07467664157916,5.08359998197305,7.84172337644779,22189.0
"(3.95, 4.05]",87.9948914431673,4.634190841087393,7.3709177157453025,21924.0
"(4.05, 4.15]",88.56105733432614,4.569992553983618,6.868950111690246,21488.0
"(4.15, 4.25]",88.97386571576034,4.09609158729414,6.930042696945526,21313.0
"(4.25, 4.35]",89.05733722060253,4.0087463556851315,6.9339164237123425,20580.0
"(4.35, 4.45]",89.85897244231823,3.667713160910948,6.473314396770818,20067.0
"(4.45, 4.55]",90.70755682981773,3.3893098505017405,5.903133319680524,19532.0
"(4.55, 4.65]",91.08210701471582,3.4215589412927043,5.496334043991472,19231.0
"(4.65, 4.75]",91.54589371980676,3.0917874396135265,5.36231884057971,18630.0
"(4.75, 4.85]",92.65822784810128,2.817831590533847,4.5239405613648875,18170.0
"(4.85, 4.95]",92.73103686238426,2.7488642245097474,4.520098913105987,17389.0
"(4.95, 5.05]",92.67225665329931,2.5762547089561307,4.751488637744562,16458.0
"(5.05, 5.15]",92.97747369779901,2.4591751113406053,4.563351190860389,15493.0
"(5.15, 5.25]",93.46991037131882,2.2508255273266395,4.2792641013545385,14839.0
"(5.25, 5.35]",93.99694389871208,2.357563850687623,3.6454922506003054,13743.0
"(5.35, 5.45]",94.06972189580885,2.0603211907559733,3.869956913435174,12765.0
"(5.45, 5.55]",94.36083868785931,1.9022658099425094,3.736895502198174,11828.0
"(5.55, 5.65]",95.00089750493628,1.7142344282893556,3.2848680667743673,11142.0
"(5.65, 5.75]",94.81169085916046,1.7850137308748528,3.403295409964692,10196.0
"(5.75, 5.85]",95.01560986112607,1.5394552696738077,3.4449348692001296,9289.0
"(5.85, 5.95]",95.26429083951207,1.3513513513513513,3.38435780913657,8362.0
"(5.95, 6.05]",95.27869686943242,1.501654364978366,3.2196487655892088,7858.0
"(6.05, 6.15]",95.68138195777351,1.3846997532218261,2.9339182890046613,7294.0
"(6.15, 6.25]",95.36483253588517,1.4204545454545454,3.214712918660287,6688.0
"(6.25, 6.35]",95.55077737347007,1.7201455507773733,2.729077075752564,6046.0
"(6.35, 6.45]",95.17644972512856,1.631494945912396,3.1920553289590354,5639.0
"(6.45, 6.55]",96.07210626185957,1.385199240986717,2.5426944971537004,5270.0
"(6.55, 6.65]",95.98041216078352,1.265047949398082,2.754539889818404,4901.0
"(6.65, 6.75]",95.8557347670251,1.1648745519713262,2.979390681003584,4464.0
"(6.75, 6.85]",95.70048309178743,1.714975845410628,2.5845410628019323,4140.0
"(6.85, 6.95]",95.69698531306365,1.442927080649317,2.8600876062870393,3881.0
"(6.95, 7.05]",96.18055555555556,1.1485042735042736,2.6709401709401708,3744.0
"(7.05, 7.15]",96.24786810687891,1.1654349061967026,2.5866969869243888,3518.0
"(7.15, 7.25]",96.25299760191847,1.3788968824940047,2.36810551558753,3336.0
"(7.25, 7.35]",96.57980456026058,1.4332247557003257,1.986970684039088,3070.0
"(7.35, 7.45]",97.13901043419723,0.9087849209020532,1.9522046449007069,2971.0
"(7.45, 7.55]",96.5429403202329,1.2372634643377,2.219796215429403,2748.0
"(7.55, 7.65]",96.4100666173205,1.2583271650629164,2.33160621761658,2702.0
"(7.65, 7.75]",96.51452282157676,1.4107883817427387,2.0746887966804977,2410.0
"(7.75, 7.85]",95.92798971281611,1.5430775825117875,2.528932704672096,2333.0
"(7.85, 7.95]",96.87080911935628,0.9387572641931158,2.1904336164506035,2237.0
"(7.95, 8.05]",96.90265486725663,0.983284169124877,2.1140609636184857,2034.0
"(8.05, 8.15]",96.53725078698847,1.2067156348373556,2.2560335781741867,1906.0
"(8.15, 8.25]",96.01310759148006,1.6930638995084655,2.2938285090114694,1831.0
"(8.25, 8.35]",97.78051787916154,0.8631319358816275,1.3563501849568433,1622.0
"(8.35, 8.45]",97.2520107238606,1.2064343163538873,1.5415549597855227,1492.0
"(8.45, 8.55]",96.81881051175657,0.8990318118948823,2.2821576763485476,1446.0
"(8.55, 8.65]",95.1501154734411,1.4626635873749037,3.387220939183987,1299.0
"(8.65, 8.75]",96.56582174979559,1.1447260834014716,2.2894521668029433,1223.0
"(8.75, 8.85]",97.47826086956522,0.43478260869565216,2.086956521739131,1150.0
"(8.85, 8.95]",96.56218402426694,0.8088978766430739,2.62891809908999,989.0
"(8.95, 9.05]",97.50260145681582,0.31217481789802287,2.18522372528616,961.0
"(9.05, 9.15]",97.22222222222221,1.1111111111111112,1.6666666666666667,900.0
"(9.15, 9.25]",97.59450171821305,0.572737686139748,1.8327605956471937,873.0
"(9.25, 9.35]",97.75132275132276,0.7936507936507936,1.455026455026455,756.0
"(9.35, 9.45]",97.69647696476966,0.5420054200542005,1.7615176151761516,738.0
"(9.45, 9.55]",96.41744548286604,0.6230529595015576,2.959501557632399,642.0
"(9.55, 9.65]",97.84560143626571,0.8976660682226212,1.2567324955116697,557.0
"(9.65, 9.75]",97.0383275261324,0.6968641114982579,2.264808362369338,574.0
"(9.75, 9.85]",97.5103734439834,0.6224066390041494,1.8672199170124482,482.0
"(9.85, 9.95]",97.8622327790974,0.4750593824228029,1.66270783847981,421.0
"(9.95, 10.05]",97.30337078651685,0.6741573033707865,2.0224719101123596,445.0
"(10.05, 10.15]",97.31903485254692,0.8042895442359249,1.876675603217158,373.0
"(10.15, 10.25]",97.8319783197832,0.5420054200542005,1.6260162601626018,369.0
"(10.25, 10.35]",96.30681818181817,1.1363636363636365,2.556818181818182,352.0
"(10.35, 10.45]",96.60493827160494,0.6172839506172839,2.7777777777777777,324.0
"(10.45, 10.55]",99.04153354632588,0.6389776357827476,0.3194888178913738,313.0
"(10.55, 10.65]",97.71863117870723,0.38022813688212925,1.9011406844106464,263.0
"(10.65, 10.75]",97.50889679715303,0.0,2.491103202846975,281.0
"(10.75, 10.85]",97.97570850202429,0.4048582995951417,1.6194331983805668,247.0
"(10.85, 10.95]",98.79518072289156,0.4016064257028112,0.8032128514056224,249.0
"(10.95, 11.05]",96.78899082568807,0.0,3.211009174311927,218.0
"(11.05, 11.15]",99.11894273127754,0.0,0.881057268722467,227.0
"(11.15, 11.25]",98.0295566502463,0.9852216748768473,0.9852216748768473,203.0
"(11.25, 11.35]",98.00995024875621,0.9950248756218906,0.9950248756218906,201.0
"(11.35, 11.45]",99.35483870967742,0.0,0.6451612903225806,155.0
"(11.45, 11.55]",96.79144385026738,0.0,3.2085561497326207,187.0
"(11.55, 11.65]",97.72727272727273,0.7575757575757576,1.5151515151515151,132.0
"(11.65, 11.75]",100.0,0.0,0.0,133.0
"(11.75, 11.85]",96.63865546218487,0.8403361344537815,2.5210084033613445,119.0
"(11.85, 11.95]",98.21428571428571,0.0,1.7857142857142856,112.0
"(11.95, 12.05]",99.07407407407408,0.0,0.9259259259259258,108.0
"(12.05, 12.15]",97.63227513227513,0.0,2.3677248677248803,92.0
"(12.15, 12.25]",96.19047619047619,0.0,3.8095238095238098,105.0
"(12.25, 12.35]",97.19626168224299,0.0,2.803738317757009,107.0
"(12.35, 12.45]",97.20433899466019,0.008465190431513052,2.7871958149083036,78.0
"(12.45, 12.55]",97.21241630707738,0.016930380863026104,2.7706533120595975,79.0
"(12.55, 12.65]",97.22049361949458,0.02539557129453931,2.754110809210892,73.0
"(12.65, 12.75]",97.22857093191176,0.03386076172605236,2.737568306362186,61.0
"(12.75, 12.85]",97.23664824432896,0.04232595215756541,2.7210258035134802,65.0
"(12.85, 12.95]",97.24472555674615,0.050791142589078464,2.7044833006647746,54.0
"(12.95, 13.05]",97.25280286916335,0.059256333020591516,2.6879407978160685,56.0
"(13.05, 13.15]",97.26088018158053,0.06772152345210472,2.671398294967363,52.0
"(13.15, 13.25]",97.26895749399773,0.07618671388361777,2.654855792118657,48.0
"(13.25, 13.35]",97.27703480641492,0.08465190431513082,2.6383132892699512,50.0
"(13.35, 13.45]",97.28511211883212,0.09311709474664388,2.6217707864212456,32.0
"(13.45, 13.55]",97.2931894312493,0.10158228517815693,2.60522828357254,37.0
"(13.55, 13.65]",97.3012667436665,0.11004747560967013,2.588685780723834,35.0
"(13.65, 13.75]",97.30934405608369,0.11851266604118318,2.572143277875128,30.0
"(13.75, 13.85]",97.31742136850089,0.12697785647269624,2.5556007750264222,26.0
"(13.85, 13.95]",97.32549868091807,0.1354430469042093,2.5390582721777166,22.0
"(13.95, 14.05]",97.33357599333527,0.14390823733572233,2.522515769329011,27.0
"(14.05, 14.15]",97.34165330575246,0.15237342776723553,2.505973266480305,25.0
"(14.15, 14.25]",97.34973061816966,0.1608386181987486,2.489430763631599,27.0
"(14.25, 14.35]",97.35780793058684,0.16930380863026165,2.4728882607828933,19.0
"(14.35, 14.45]",97.36588524300404,0.1777689990617747,2.4563457579341876,15.0
"(14.45, 14.55]",97.37396255542123,0.18623418949328777,2.439803255085482,16.0
"(14.55, 14.65]",97.38203986783843,0.19469937992480096,2.423260752236776,10.0
"(14.65, 14.75]",97.39011718025561,0.203164570356314,2.40671824938807,17.0
"(14.75, 14.85]",97.39819449267281,0.21162976078782705,2.3901757465393643,23.0
"(14.85, 14.95]",97.40627180509,0.2200949512193401,2.3736332436906586,11.0
"(14.95, 15.05]",97.4143491175072,0.22856014165085317,2.357090740841953,13.0
"(15.05, 15.15]",97.42242642992439,0.23702533208236637,2.340548237993247,8.0
"(15.15, 15.25]",97.43050374234159,0.24549052251387943,2.3240057351445413,10.0
"(15.25, 15.35]",97.43858105475877,0.2539557129453925,2.3074632322958353,8.0
"(15.35, 15.45]",97.44665836717597,0.26242090337690555,2.2909207294471297,15.0
"(15.45, 15.55]",97.45473567959316,0.2708860938084186,2.274378226598424,7.0
"(15.55, 15.65]",97.46281299201036,0.2793512842399318,2.257835723749718,10.0
"(15.65, 15.75]",97.47089030442754,0.28781647467144483,2.241293220901012,6.0
"(15.75, 15.85]",97.47896761684474,0.2962816651029579,2.2247507180523063,6.0
"(15.85, 15.95]",97.48704492926193,0.30474685553447095,2.2082082152036007,6.0
"(15.95, 16.05]",97.49512224167913,0.313212045965984,2.191665712354895,9.0
"(16.05, 16.15]",97.50319955409631,0.3216772363974972,2.175123209506189,7.0
"(16.15, 16.25]",97.51127686651351,0.33014242682901007,2.1585807066574834,2.0
"(16.25, 16.35]",97.5193541789307,0.3386076172605233,2.1420382038087773,6.0
"(16.35, 16.45]",97.5274314913479,0.3470728076920365,2.1254957009600712,5.0
"(16.45, 16.55]",97.53550880376508,0.3555379981235494,2.108953198111366,6.0
"(16.55, 16.65]",97.54358611618228,0.3640031885550626,2.09241069526266,5.0
"(16.65, 16.75]",97.55166342859947,0.37246837898657553,2.0758681924139544,5.0
"(16.75, 16.85]",97.55974074101667,0.3809335694180887,2.0593256895652483,5.0
"(16.85, 16.95]",97.56781805343385,0.3893987598496019,2.0427831867165422,1.0
"(16.95, 17.05]",97.57589536585105,0.3978639502811148,2.026240683867837,4.0
"(17.05, 17.15]",97.58397267826824,0.406329140712628,2.009698181019131,5.0
"(17.15, 17.25]",97.59204999068544,0.41479433114414094,1.9931556781704254,0.0
"(17.25, 17.35]",97.60012730310262,0.4232595215756541,1.9766131753217193,5.0
"(17.35, 17.45]",97.60820461551982,0.43172471200716733,1.9600706724730135,5.0
"(17.45, 17.55]",97.61628192793701,0.4401899024386802,1.943528169624308,2.0
"(17.55, 17.65]",97.62435924035421,0.44865509287019345,1.926985666775602,5.0
"(17.65, 17.75]",97.6324365527714,0.45712028330170634,1.9104431639268964,4.0
"(17.75, 17.85]",97.6405138651886,0.4655854737332195,1.8939006610781903,1.0
"(17.85, 17.95]",97.64859117760578,0.47405066416473274,1.8773581582294845,2.0
"(17.95, 18.05]",97.65666849002298,0.48251585459624563,1.860815655380779,3.0
"(18.05, 18.15]",97.66474580244017,0.49098104502775886,1.844273152532073,1.0
"(18.15, 18.25]",97.67282311485737,0.49944623545927175,1.8277306496833674,5.0
"(18.25, 18.35]",97.68090042727455,0.507911425890785,1.8111881468346616,2.0
"(18.35, 18.45]",97.68897773969175,0.5163766163222981,1.7946456439859555,1.0
"(18.45, 18.55]",97.69705505210894,0.5248418067538111,1.77810314113725,3.0
"(18.55, 18.65]",97.70513236452614,0.5333069971853243,1.761560638288544,3.0
"(18.65, 18.75]",97.71320967694332,0.5417721876168372,1.7450181354398386,1.0
"(18.75, 18.85]",97.72128698936052,0.5502373780483504,1.7284756325911326,1.0
"(18.85, 18.95]",97.72936430177771,0.5587025684798635,1.7119331297424265,1.0
"(18.95, 19.05]",97.7374416141949,0.5671677589113765,1.695390626893721,2.0
"(19.05, 19.15]",97.74551892661209,0.5756329493428897,1.678848124045015,1.0
"(19.15, 19.25]",97.75359623902929,0.5840981397744026,1.6623056211963096,3.0
"(19.25, 19.35]",97.76167355144648,0.5925633302059158,1.6457631183476036,1.0
"(19.35, 19.45]",97.76975086386368,0.601028520637429,1.6292206154988975,3.0
"(19.45, 19.55]",97.77782817628086,0.6094937110689419,1.6126781126501921,4.0
"(19.55, 19.65]",97.78590548869806,0.6179589015004551,1.596135609801486,4.0
"(19.65, 19.75]",97.79398280111525,0.626424091931968,1.5795931069527807,3.0
"(19.75, 19.85]",97.80206011353245,0.6348892823634812,1.5630506041040746,1.0
"(19.85, 19.95]",97.81013742594965,0.6433544727949944,1.5465081012553685,0.0
"(19.95, 20.05]",97.81821473836683,0.6518196632265073,1.5299655984066631,33138.0
"(20.05, ∞)",98.4313725490196,0.7843137254901961,0.7843137254901961,255.0
