Interval,WinningChance,DrawingChance,LosingChance,TotalGames
"(-∞, -20.05]",0.45045045045045046,1.8018018018018018,97.74774774774775,101.0
"(-20.05, -19.95]",0.45045045045045046,1.8018018018018018,97.74774774774775,222.0
"(-19.95, -19.85]",0.44816389994054967,2.2172056689823245,97.33463043107713,0.0
"(-19.85, -19.75]",0.44587734943064894,2.6326095361628328,96.92151311440652,0.0
"(-19.75, -19.65]",0.44359079892074815,3.0480134033433552,96.5083957977359,0.0
"(-19.65, -19.55]",0.44130424841084737,3.463417270523878,96.09527848106528,0.0
"(-19.55, -19.45]",0.43901769790094664,3.878821137704386,95.68216116439467,0.0
"(-19.45, -19.35]",0.43673114739104585,4.294225004884909,95.26904384772405,0.0
"(-19.35, -19.25]",0.4344445968811451,4.709628872065417,94.85592653105344,0.0
"(-19.25, -19.15]",0.43215804637124433,5.12503273924594,94.44280921438282,0.0
"(-19.15, -19.05]",0.42987149586134354,5.5404366064264625,94.0296918977122,0.0
"(-19.05, -18.95]",0.4275849453514428,5.955840473606971,93.61657458104159,0.0
"(-18.95, -18.85]",0.425298394841542,6.371244340787493,93.20345726437097,0.0
"(-18.85, -18.75]",0.4230118443316413,6.7866482079680015,92.79033994770036,0.0
"(-18.75, -18.65]",0.4207252938217405,7.202052075148524,92.37722263102974,0.0
"(-18.65, -18.55]",0.4184387433118397,7.617455942329047,91.96410531435912,0.0
"(-18.55, -18.45]",0.416152192801939,8.032859809509555,91.55098799768851,0.0
"(-18.45, -18.35]",0.4138656422920382,8.448263676690077,91.13787068101789,0.0
"(-18.35, -18.25]",0.4115790917821375,8.863667543870585,90.72475336434728,0.0
"(-18.25, -18.15]",0.4092925412722367,9.279071411051108,90.31163604767666,0.0
"(-18.15, -18.05]",0.4070059907623359,9.69447527823163,89.89851873100604,0.0
"(-18.05, -17.95]",0.40471944025243517,10.109879145412139,89.48540141433543,0.0
"(-17.95, -17.85]",0.4024328897425344,10.525283012592661,89.0722840976648,0.0
"(-17.85, -17.75]",0.40014633923263365,10.94068687977317,88.6591667809942,0.0
"(-17.75, -17.65]",0.39785978872273287,11.356090746953692,88.24604946432358,0.0
"(-17.65, -17.55]",0.3955732382128321,11.771494614134214,87.83293214765295,0.0
"(-17.55, -17.45]",0.39328668770293135,12.186898481314723,87.41981483098235,0.0
"(-17.45, -17.35]",0.39100013719303056,12.602302348495245,87.00669751431172,0.0
"(-17.35, -17.25]",0.38871358668312983,13.017706215675753,86.59358019764112,0.0
"(-17.25, -17.15]",0.38642703617322904,13.433110082856276,86.1804628809705,0.0
"(-17.15, -17.05]",0.38414048566332826,13.8485139500368,85.76734556429987,0.0
"(-17.05, -16.95]",0.3818539351534276,14.263917817217308,85.35422824762927,0.0
"(-16.95, -16.85]",0.37956738464352674,14.67932168439783,84.94111093095864,0.0
"(-16.85, -16.75]",0.377280834133626,15.094725551578339,84.52799361428804,0.0
"(-16.75, -16.65]",0.3749942836237252,15.510129418758861,84.11487629761741,0.0
"(-16.65, -16.55]",0.37270773311382444,15.925533285939384,83.70175898094679,0.0
"(-16.55, -16.45]",0.37042118260392376,16.340937153119892,83.28864166427618,0.0
"(-16.45, -16.35]",0.3681346320940229,16.756341020300415,82.87552434760556,0.0
"(-16.35, -16.25]",0.3658480815841222,17.171744887480923,82.46240703093495,0.0
"(-16.25, -16.15]",0.3635615310742214,17.587148754661445,82.04928971426433,0.0
"(-16.15, -16.05]",0.3612749805643206,18.002552621841968,81.63617239759371,0.0
"(-16.05, -15.95]",0.35898843005441994,18.417956489022476,81.2230550809231,0.0
"(-15.95, -15.85]",0.3567018795445191,18.833360356203,80.80993776425248,0.0
"(-15.85, -15.75]",0.35441532903461836,19.248764223383514,80.39682044758186,0.0
"(-15.75, -15.65]",0.3521287785247176,19.66416809056403,79.98370313091125,0.0
"(-15.65, -15.55]",0.34984222801481685,20.079571957744545,79.57058581424064,0.0
"(-15.55, -15.45]",0.3475556775049161,20.49497582492506,79.15746849757002,0.0
"(-15.45, -15.35]",0.34526912699501533,20.910379692105582,78.7443511808994,0.0
"(-15.35, -15.25]",0.34298257648511454,21.325783559286098,78.33123386422878,0.0
"(-15.25, -15.15]",0.34069602597521376,21.741187426466613,77.91811654755817,0.0
"(-15.15, -15.05]",0.338409475465313,22.15659129364713,77.50499923088756,0.0
"(-15.05, -14.95]",0.3361229249554123,22.571995160827644,77.09188191421694,0.0
"(-14.95, -14.85]",0.3338363744455115,22.987399028008166,76.67876459754632,0.0
"(-14.85, -14.75]",0.3315498239356107,23.40280289518868,76.2656472808757,0.0
"(-14.75, -14.65]",0.32926327342570993,23.818206762369197,75.85252996420509,0.0
"(-14.65, -14.55]",0.3269767229158092,24.233610629549712,75.43941264753448,0.0
"(-14.55, -14.45]",0.3246901724059085,24.649014496730228,75.02629533086386,0.0
"(-14.45, -14.35]",0.3224036218960077,25.06441836391075,74.61317801419324,0.0
"(-14.35, -14.25]",0.3201170713861069,25.479822231091266,74.20006069752262,0.0
"(-14.25, -14.15]",0.3178305208762061,25.89522609827178,73.78694338085201,0.0
"(-14.15, -14.05]",0.3155439703663054,26.310629965452296,73.3738260641814,0.0
"(-14.05, -13.95]",0.31325741985640465,26.726033832632815,72.96070874751078,0.0
"(-13.95, -13.85]",0.31097086934650386,27.141437699813338,72.54759143084016,0.0
"(-13.85, -13.75]",0.3086843188366031,27.556841566993853,72.13447411416954,0.0
"(-13.75, -13.65]",0.3063977683267023,27.97224543417437,71.72135679749893,0.0
"(-13.65, -13.55]",0.3041112178168016,28.387649301354884,71.30823948082832,0.0
"(-13.55, -13.45]",0.30182466730690083,28.8030531685354,70.8951221641577,0.0
"(-13.45, -13.35]",0.29953811679700004,29.21845703571592,70.48200484748708,0.0
"(-13.35, -13.25]",0.29725156628709926,29.633860902896437,70.06888753081645,0.0
"(-13.25, -13.15]",0.2949650157771985,30.049264770076952,69.65577021414585,0.0
"(-13.15, -13.05]",0.2926784652672978,30.464668637257468,69.24265289747524,0.0
"(-13.05, -12.95]",0.290391914757397,30.880072504437983,68.82953558080462,1.0
"(-12.95, -12.85]",0.2881053642474962,31.295476371618506,68.416418264134,0.0
"(-12.85, -12.75]",0.28581881373759543,31.71088023879902,68.00330094746337,0.0
"(-12.75, -12.65]",0.2835322632276947,32.126284105979536,67.59018363079277,0.0
"(-12.65, -12.55]",0.28124571271779397,32.54168797316005,67.17706631412216,0.0
"(-12.55, -12.45]",0.2789591622078932,32.95709184034057,66.76394899745154,0.0
"(-12.45, -12.35]",0.2766726116979924,33.37249570752109,66.35083168078091,0.0
"(-12.35, -12.25]",0.2743860611880916,33.787899574701605,65.93771436411029,0.0
"(-12.25, -12.15]",0.2720995106781909,34.20330344188212,65.52459704743968,0.0
"(-12.15, -12.05]",0.26981296016829015,34.618707309062636,65.11147973076908,0.0
"(-12.05, -11.95]",0.26752640965838936,35.03411117624315,64.69836241409845,0.0
"(-11.95, -11.85]",0.2652398591484886,35.44951504342367,64.28524509742783,0.0
"(-11.85, -11.75]",0.2629533086385878,35.86491891060419,63.87212778075722,0.0
"(-11.75, -11.65]",0.26066675812868706,36.280322777784704,63.4590104640866,0.0
"(-11.65, -11.55]",0.25838020761878633,36.69572664496522,63.04589314741599,0.0
"(-11.55, -11.45]",0.25609365710888554,37.111130512145735,62.63277583074537,2.0
"(-11.45, -11.35]",0.25380710659898476,37.52653437932626,62.21965851407475,0.0
"(-11.35, -11.25]",0.25152055608908397,37.94193824650677,61.80654119740414,0.0
"(-11.25, -11.15]",0.24923400557918324,38.35734211368729,61.39342388073352,0.0
"(-11.15, -11.05]",0.24694745506928248,38.7727459808678,60.98030656406291,2.0
"(-11.05, -10.95]",0.24466090455938172,39.18814984804832,60.56718924739229,0.0
"(-10.95, -10.85]",0.24237435404948093,39.60355371522884,60.15407193072167,1.0
"(-10.85, -10.75]",0.24008780353958017,40.01895758240936,59.740954614051056,0.0
"(-10.75, -10.65]",0.23780125302967942,40.43436144958987,59.32783729738044,0.0
"(-10.65, -10.55]",0.23551470251977866,40.84976531677039,58.914719980709826,0.0
"(-10.55, -10.45]",0.2332281520098779,41.2651691839509,58.50160266403921,2.0
"(-10.45, -10.35]",0.2309416014999771,41.680573051131425,58.08848534736859,1.0
"(-10.35, -10.25]",0.22865505099007635,42.09597691831194,57.675368030697975,0.0
"(-10.25, -10.15]",0.2263685004801756,42.511380785492456,57.26225071402736,0.0
"(-10.15, -10.05]",0.22408194997027484,42.92678465267297,56.849133397356745,0.0
"(-10.05, -9.95]",0.22179539946037408,43.34218851985349,56.43601608068613,0.0
"(-9.95, -9.85]",0.2195088489504733,43.75759238703401,56.02289876401551,1.0
"(-9.85, -9.75]",0.21722229844057253,44.172996254214524,55.60978144734489,1.0
"(-9.75, -9.65]",0.21493574793067177,44.58840012139504,55.19666413067428,2.0
"(-9.65, -9.55]",0.21264919742077104,45.003803988575555,54.783546814003664,0.0
"(-9.55, -9.45]",0.21036264691087028,45.41920785575607,54.37042949733305,1.0
"(-9.45, -9.35]",0.20807609640096947,45.83461172293659,53.95731218066243,0.0
"(-9.35, -9.25]",0.2057895458910687,46.25001559011711,53.54419486399181,1.0
"(-9.25, -9.15]",0.20350299538116798,46.665419457297624,53.1310775473212,1.0
"(-9.15, -9.05]",0.20121644487126722,47.08082332447814,52.71796023065058,0.0
"(-9.05, -8.95]",0.19892989436136643,47.496227191658654,52.30484291397997,0.0
"(-8.95, -8.85]",0.19664334385146565,47.91163105883918,51.891725597309346,0.0
"(-8.85, -8.75]",0.19435679334156492,48.32703492601969,51.47860828063873,5.0
"(-8.75, -8.65]",0.19207024283166413,48.74243879320021,51.06549096396812,0.0
"(-8.65, -8.55]",0.1897836923217634,49.15784266038072,50.6523736472975,1.0
"(-8.55, -8.45]",0.1874971418118626,49.57324652756124,50.23925633062689,0.0
"(-8.45, -8.35]",0.18521059130196182,49.98865039474176,49.826139013956265,0.0
"(-8.35, -8.25]",0.1829240407920611,50.404054261922276,49.41302169728565,0.0
"(-8.25, -8.15]",0.1806374902821603,50.81945812910279,48.999904380615035,3.0
"(-8.15, -8.05]",0.17835093977225958,51.23486199628331,48.58678706394442,0.0
"(-8.05, -7.95]",0.17606438926235884,51.65026586346383,48.173669747273806,3.0
"(-7.95, -7.85]",0.173777838752458,52.06566973064435,47.760552430603184,2.0
"(-7.85, -7.75]",0.17149128824255727,52.48107359782487,47.34743511393257,3.0
"(-7.75, -7.65]",0.16920473773265648,52.89647746500538,46.934317797261954,5.0
"(-7.65, -7.55]",0.16691818722275575,53.3118813321859,46.52120048059134,2.0
"(-7.55, -7.45]",0.16463163671285502,53.72728519936641,46.108083163920725,1.0
"(-7.45, -7.35]",0.16234508620295418,54.142689066546936,45.6949658472501,0.0
"(-7.35, -7.25]",0.16005853569305345,54.55809293372745,45.28184853057949,2.0
"(-7.25, -7.15]",0.15777198518315272,54.97349680090797,44.86873121390887,0.0
"(-7.15, -7.05]",0.15548543467325193,55.38890066808848,44.45561389723826,2.0
"(-7.05, -6.95]",0.1531988841633512,55.804304535269,44.042496580567644,4.0
"(-6.95, -6.85]",0.15091233365345036,56.21970840244952,43.62937926389702,0.0
"(-6.85, -6.75]",0.14862578314354963,56.635112269630035,43.21626194722641,3.0
"(-6.75, -6.65]",0.1463392326336489,57.05051613681055,42.80314463055579,1.0
"(-6.65, -6.55]",0.1440526821237481,57.465920003991066,42.39002731388518,2.0
"(-6.55, -6.45]",0.14176613161384738,57.88132387117158,41.97690999721456,3.0
"(-6.45, -6.35]",0.1394795811039466,58.296727738352104,41.56379268054394,1.0
"(-6.35, -6.25]",0.1371930305940458,58.71213160553262,41.150675363873326,1.0
"(-6.25, -6.15]",0.13490648008414508,59.127535472713134,40.73755804720271,4.0
"(-6.15, -6.05]",0.1326199295742443,59.54293933989365,40.324440730532096,5.0
"(-6.05, -5.95]",0.13033337906434356,59.958343207074165,39.91132341386148,1.0
"(-5.95, -5.85]",0.12804682855444277,60.37374707425469,39.49820609719086,3.0
"(-5.85, -5.75]",0.12576027804454198,60.7891509414352,39.085088780520245,3.0
"(-5.75, -5.65]",0.12347372753464125,61.20455480861572,38.67197146384963,3.0
"(-5.65, -5.55]",0.12118717702474047,61.619958675796234,38.258854147179015,4.0
"(-5.55, -5.45]",0.11890062651483974,62.03536254297675,37.8457368305084,4.0
"(-5.45, -5.35]",0.11661407600493895,62.45076641015727,37.43261951383778,12.0
"(-5.35, -5.25]",0.11432752549503816,62.86617027733779,37.019502197167164,14.0
"(-5.25, -5.15]",0.11204097498513743,63.2815741445183,36.60638488049655,13.0
"(-5.15, -5.05]",0.10975442447523664,63.69697801169882,36.193267563825934,12.0
"(-5.05, -4.95]",0.10746787396533591,64.11238187887933,35.78015024715532,13.0
"(-4.95, -4.85]",0.10518132345543513,64.52778574605986,35.3670329304847,12.0
"(-4.85, -4.75]",0.10289477294553434,64.94318961324038,34.95391561381408,15.0
"(-4.75, -4.65]",0.10060822243563361,65.3585934804209,34.54079829714347,6.0
"(-4.65, -4.55]",0.09832167192573282,65.77399734760141,34.12768098047285,6.0
"(-4.55, -4.45]",0.09603512141583209,66.18940121478191,33.71456366380224,4.0
"(-4.45, -4.35]",0.0937485709059313,66.60480508196244,33.301446347131616,7.0
"(-4.35, -4.25]",0.09146202039603052,67.02020894914295,32.888329030460994,2.0
"(-4.25, -4.15]",0.08917546988612979,67.43561281632347,32.47521171379039,4.0
"(-4.15, -4.05]",0.086888919376229,67.85101668350399,32.062094397119765,7.0
"(-4.05, -3.95]",0.08460236886632827,68.2664205506845,31.648977080449157,5.0
"(-3.95, -3.85]",0.08231581835642748,68.68182441786503,31.235859763778535,3.0
"(-3.85, -3.75]",0.08002926784652675,69.09722828504553,30.822742447107927,3.0
"(-3.75, -3.65]",0.07774271733662597,69.51263215222606,30.409625130437306,5.0
"(-3.65, -3.55]",0.07545616682672518,69.92803601940658,29.996507813766684,1.0
"(-3.55, -3.45]",0.07316961631682445,70.34343988658709,29.583390497096076,2.0
"(-3.45, -3.35]",0.07088306580692366,70.75884375376761,29.170273180425454,3.0
"(-3.35, -3.25]",0.06859651529702293,71.17424762094812,28.757155863754846,1.0
"(-3.25, -3.15]",0.06630996478712214,71.58965148812864,28.344038547084224,9.0
"(-3.15, -3.05]",0.06402341427722136,72.00505535530917,27.930921230413603,0.0
"(-3.05, -2.95]",0.06173686376732063,72.42045922248967,27.517803913742995,3.0
"(-2.95, -2.85]",0.05945031325741984,72.8358630896702,27.104686597072373,7.0
"(-2.85, -2.75]",0.05716376274751911,73.2512669568507,26.691569280401765,3.0
"(-2.75, -2.65]",0.05487721223761832,73.66667082403123,26.278451963731143,4.0
"(-2.65, -2.55]",0.052590661727717536,74.08207469121174,25.86533464706052,1.0
"(-2.55, -2.45]",0.050304111217816805,74.49747855839226,25.452217330389914,4.0
"(-2.45, -2.35]",0.04801756070791602,74.91288242557277,25.039100013719292,10.0
"(-2.35, -2.25]",0.04573101019801529,75.32828629275329,24.625982697048684,6.0
"(-2.25, -2.15]",0.0434444596881145,75.7436901599338,24.212865380378062,2.0
"(-2.15, -2.05]",0.041157909178213714,76.15909402711434,23.79974806370744,10.0
"(-2.05, -1.95]",0.03887135866831298,76.57449789429484,23.386630747036833,6.0
"(-1.95, -1.85]",0.036584808158412196,76.98990176147537,22.97351343036621,9.0
"(-1.85, -1.75]",0.034298257648511465,77.40530562865587,22.560396113695603,4.0
"(-1.75, -1.65]",0.03201170713861068,77.8207094958364,22.14727879702498,6.0
"(-1.65, -1.55]",0.029725156628709892,78.23611336301691,21.73416148035436,7.0
"(-1.55, -1.45]",0.02743860611880916,78.65151723019743,21.32104416368375,8.0
"(-1.45, -1.35]",0.025152055608908375,79.06692109737794,20.90792684701313,3.0
"(-1.35, -1.25]",0.022865505099007644,79.48232496455846,20.494809530342522,6.0
"(-1.25, -1.15]",0.020578954589106857,79.89772883173897,20.0816922136719,5.0
"(-1.15, -1.05]",0.01829240407920607,80.3131326989195,19.668574897001278,2.0
"(-1.05, -0.95]",0.01600585356930534,80.7285365661,19.25545758033067,4.0
"(-0.95, -0.85]",0.013719303059404553,81.14394043328053,18.84234026366005,6.0
"(-0.85, -0.75]",0.011432752549503822,81.55934430046104,18.42922294698944,6.0
"(-0.75, -0.65]",0.009146202039603035,81.97474816764156,18.01610563031882,4.0
"(-0.65, -0.55]",0.006859651529702249,82.39015203482208,17.602988313648197,3.0
"(-0.55, -0.45]",0.004573101019801518,82.8055559020026,17.18987099697759,9.0
"(-0.45, -0.35]",0.002286550509900731,83.22095976918311,16.776753680306967,33.0
"(-0.35, -0.25]",0.0,83.63636363636363,16.363636363636363,110.0
"(-0.25, -0.15]",2.3952095808383236,85.62874251497006,11.976047904191617,167.0
"(-0.15, -0.05]",4.571428571428571,83.42857142857143,12.0,175.0
"(-0.05, 0.05]",7.360055286800277,88.59709744298549,4.042847270214237,2894.0
"(0.05, 0.15]",19.215686274509807,79.6078431372549,1.1764705882352942,255.0
"(0.15, 0.25]",23.31288343558282,74.23312883435584,2.4539877300613497,163.0
"(0.25, 0.35]",22.22222222222222,75.92592592592592,1.8518518518518516,108.0
"(0.35, 0.45]",22.581782289904115,75.5757661214514,1.8424515886444819,28.0
"(0.45, 0.55]",22.941342357586013,75.22560631697688,1.8330513254371121,8.0
"(0.55, 0.65]",23.300902425267907,74.87544651250235,1.8236510622297422,9.0
"(0.65, 0.75]",23.6604624929498,74.52528670802782,1.8142507990223724,9.0
"(0.75, 0.85]",24.0200225606317,74.17512690355329,1.8048505358150027,4.0
"(0.85, 0.95]",24.379582628313592,73.82496709907878,1.795450272607633,5.0
"(0.95, 1.05]",24.739142695995486,73.47480729460425,1.786050009400263,8.0
"(1.05, 1.15]",25.098702763677384,73.12464749012972,1.7766497461928932,5.0
"(1.15, 1.25]",25.458262831359278,72.7744876856552,1.7672494829855234,5.0
"(1.25, 1.35]",25.817822899041172,72.42432788118067,1.7578492197781537,6.0
"(1.35, 1.45]",26.17738296672307,72.07416807670614,1.7484489565707837,4.0
"(1.45, 1.55]",26.536943034404963,71.72400827223161,1.739048693363414,7.0
"(1.55, 1.65]",26.89650310208686,71.3738484677571,1.7296484301560442,1.0
"(1.65, 1.75]",27.256063169768755,71.02368866328257,1.7202481669486744,8.0
"(1.75, 1.85]",27.61562323745065,70.67352885880804,1.7108479037413047,12.0
"(1.85, 1.95]",27.975183305132546,70.32336905433351,1.7014476405339347,2.0
"(1.95, 2.05]",28.33474337281444,69.973209249859,1.692047377326565,7.0
"(2.05, 2.15]",28.694303440496334,69.62304944538447,1.6826471141191952,7.0
"(2.15, 2.25]",29.053863508178228,69.27288964090994,1.6732468509118252,11.0
"(2.25, 2.35]",29.413423575860126,68.92272983643542,1.6638465877044555,14.0
"(2.35, 2.45]",29.77298364354202,68.5725700319609,1.6544463244970857,7.0
"(2.45, 2.55]",30.132543711223917,68.22241022748636,1.645046061289716,10.0
"(2.55, 2.65]",30.492103778905808,67.87225042301185,1.6356457980823462,5.0
"(2.65, 2.75]",30.851663846587705,67.52209061853732,1.6262455348749763,7.0
"(2.75, 2.85]",31.211223914269603,67.17193081406279,1.6168452716676065,2.0
"(2.85, 2.95]",31.570783981951497,66.82177100958826,1.6074450084602367,6.0
"(2.95, 3.05]",31.93034404963339,66.47161120511375,1.5980447452528668,3.0
"(3.05, 3.15]",32.28990411731529,66.12145140063922,1.5886444820454972,4.0
"(3.15, 3.25]",32.64946418499718,65.77129159616469,1.5792442188381273,0.0
"(3.25, 3.35]",33.009024252679076,65.42113179169016,1.5698439556307575,2.0
"(3.35, 3.45]",33.36858432036097,65.07097198721564,1.5604436924233878,2.0
"(3.45, 3.55]",33.728144388042864,64.72081218274111,1.5510434292160178,4.0
"(3.55, 3.65]",34.08770445572476,64.37065237826658,1.541643166008648,1.0
"(3.65, 3.75]",34.44726452340666,64.02049257379207,1.5322429028012783,2.0
"(3.75, 3.85]",34.80682459108856,63.67033276931754,1.5228426395939085,0.0
"(3.85, 3.95]",35.16638465877045,63.32017296484301,1.5134423763865388,2.0
"(3.95, 4.05]",35.525944726452344,62.97001316036849,1.5040421131791688,4.0
"(4.05, 4.15]",35.885504794134235,62.619853355893966,1.494641849971799,4.0
"(4.15, 4.25]",36.24506486181613,62.26969355141944,1.4852415867644293,8.0
"(4.25, 4.35]",36.60462492949803,61.919533746944914,1.4758413235570593,6.0
"(4.35, 4.45]",36.96418499717992,61.56937394247039,1.4664410603496898,9.0
"(4.45, 4.55]",37.32374506486182,61.21921413799586,1.4570407971423198,11.0
"(4.55, 4.65]",37.683305132543715,60.86905433352133,1.44764053393495,8.0
"(4.65, 4.75]",38.042865200225606,60.51889452904681,1.4382402707275803,12.0
"(4.75, 4.85]",38.4024252679075,60.16873472457229,1.4288400075202103,9.0
"(4.85, 4.95]",38.7619853355894,59.81857492009776,1.4194397443128406,13.0
"(4.95, 5.05]",39.1215454032713,59.46841511562323,1.4100394811054708,7.0
"(5.05, 5.15]",39.48110547095319,59.118255311148715,1.400639217898101,23.0
"(5.15, 5.25]",39.840665538635086,58.768095506674186,1.3912389546907311,12.0
"(5.25, 5.35]",40.20022560631698,58.41793570219966,1.3818386914833614,8.0
"(5.35, 5.45]",40.559785673998874,58.067775897725134,1.3724384282759916,10.0
"(5.45, 5.55]",40.91934574168077,57.71761609325061,1.3630381650686219,15.0
"(5.55, 5.65]",41.27890580936267,57.36745628877608,1.3536379018612519,8.0
"(5.65, 5.75]",41.63846587704457,57.01729648430155,1.3442376386538821,5.0
"(5.75, 5.85]",41.99802594472646,56.66713667982704,1.3348373754465124,12.0
"(5.85, 5.95]",42.35758601240835,56.31697687535251,1.3254371122391426,3.0
"(5.95, 6.05]",42.717146080090245,55.96681707087798,1.3160368490317729,8.0
"(6.05, 6.15]",43.07670614777214,55.61665726640346,1.306636585824403,3.0
"(6.15, 6.25]",43.43626621545404,55.266497461928935,1.2972363226170331,4.0
"(6.25, 6.35]",43.79582628313593,54.916337657454406,1.2878360594096634,1.0
"(6.35, 6.45]",44.15538635081782,54.566177852979884,1.2784357962022934,2.0
"(6.45, 6.55]",44.51494641849972,54.216018048505354,1.2690355329949237,3.0
"(6.55, 6.65]",44.874506486181616,53.86585824403083,1.259635269787554,3.0
"(6.65, 6.75]",45.234066553863514,53.5156984395563,1.250235006580184,6.0
"(6.75, 6.85]",45.59362662154541,53.16553863508178,1.2408347433728144,1.0
"(6.85, 6.95]",45.9531866892273,52.81537883060726,1.2314344801654444,0.0
"(6.95, 7.05]",46.3127467569092,52.46521902613273,1.2220342169580747,0.0
"(7.05, 7.15]",46.67230682459109,52.11505922165821,1.212633953750705,3.0
"(7.15, 7.25]",47.03186689227299,51.76489941718368,1.203233690543335,0.0
"(7.25, 7.35]",47.391426959954885,51.414739612709155,1.1938334273359654,0.0
"(7.35, 7.45]",47.75098702763678,51.064579808234626,1.1844331641285955,0.0
"(7.45, 7.55]",48.11054709531867,50.714420003760104,1.1750329009212257,3.0
"(7.55, 7.65]",48.47010716300056,50.36426019928558,1.165632637713856,2.0
"(7.65, 7.75]",48.82966723068246,50.01410039481105,1.156232374506486,2.0
"(7.75, 7.85]",49.18922729836436,49.66394059033652,1.1468321112991162,1.0
"(7.85, 7.95]",49.548787366046255,49.31378078586201,1.1374318480917465,3.0
"(7.95, 8.05]",49.90834743372815,48.96362098138748,1.1280315848843765,5.0
"(8.05, 8.15]",50.26790750141005,48.61346117691295,1.1186313216770067,2.0
"(8.15, 8.25]",50.62746756909194,48.26330137243843,1.109231058469637,4.0
"(8.25, 8.35]",50.98702763677383,47.913141567963905,1.0998307952622672,1.0
"(8.35, 8.45]",51.34658770445573,47.562981763489375,1.0904305320548975,0.0
"(8.45, 8.55]",51.706147772137626,47.21282195901485,1.0810302688475277,1.0
"(8.55, 8.65]",52.065707839819524,46.862662154540324,1.0716300056401578,1.0
"(8.65, 8.75]",52.42526790750142,46.5125023500658,1.062229742432788,1.0
"(8.75, 8.85]",52.78482797518331,46.16234254559127,1.0528294792254183,3.0
"(8.85, 8.95]",53.1443880428652,45.81218274111675,1.0434292160180485,0.0
"(8.95, 9.05]",53.5039481105471,45.46202293664223,1.0340289528106785,2.0
"(9.05, 9.15]",53.863508178229,45.1118631321677,1.0246286896033088,2.0
"(9.15, 9.25]",54.223068245910895,44.76170332769317,1.015228426395939,0.0
"(9.25, 9.35]",54.582628313592785,44.41154352321865,1.005828163188569,0.0
"(9.35, 9.45]",54.94218838127468,44.061383718744125,0.9964278999811994,0.0
"(9.45, 9.55]",55.30174844895657,43.7112239142696,0.9870276367738297,0.0
"(9.55, 9.65]",55.66130851663848,43.36106410979507,0.9776273735664597,0.0
"(9.65, 9.75]",56.02086858432037,43.010904305320544,0.9682271103590899,0.0
"(9.75, 9.85]",56.380428652002266,42.66074450084602,0.9588268471517202,0.0
"(9.85, 9.95]",56.739988719684156,42.3105846963715,0.9494265839443504,0.0
"(9.95, 10.05]",57.099548787366054,41.96042489189698,0.9400263207369807,0.0
"(10.05, 10.15]",57.45910885504795,41.61026508742244,0.9306260575296107,0.0
"(10.15, 10.25]",57.81866892272984,41.26010528294792,0.9212257943222409,1.0
"(10.25, 10.35]",58.17822899041174,40.9099454784734,0.9118255311148711,0.0
"(10.35, 10.45]",58.53778905809363,40.559785673998874,0.9024252679075013,0.0
"(10.45, 10.55]",58.89734912577553,40.209625869524345,0.8930250047001316,0.0
"(10.55, 10.65]",59.256909193457425,39.859466065049816,0.8836247414927616,0.0
"(10.65, 10.75]",59.61646926113932,39.50930626057529,0.8742244782853918,0.0
"(10.75, 10.85]",59.97602932882121,39.15914645610077,0.8648242150780221,0.0
"(10.85, 10.95]",60.33558939650311,38.80898665162624,0.8554239518706523,2.0
"(10.95, 11.05]",60.695149464185,38.45882684715172,0.8460236886632826,0.0
"(11.05, 11.15]",61.054709531866905,38.10866704267719,0.8366234254559126,0.0
"(11.15, 11.25]",61.414269599548795,37.75850723820267,0.8272231622485429,0.0
"(11.25, 11.35]",61.77382966723069,37.408347433728146,0.8178228990411731,1.0
"(11.35, 11.45]",62.13338973491258,37.05818762925362,0.8084226358338034,1.0
"(11.45, 11.55]",62.49294980259448,36.708027824779094,0.7990223726264336,0.0
"(11.55, 11.65]",62.85250987027638,36.357868020304565,0.7896221094190636,1.0
"(11.65, 11.75]",63.21206993795827,36.00770821583004,0.7802218462116939,0.0
"(11.75, 11.85]",63.571630005640166,35.65754841135551,0.7708215830043241,1.0
"(11.85, 11.95]",63.93119007332206,35.30738860688099,0.7614213197969544,1.0
"(11.95, 12.05]",64.29075014100395,34.95722880240647,0.7520210565895846,1.0
"(12.05, 12.15]",64.65031020868585,34.60706899793194,0.7426207933822147,1.0
"(12.15, 12.25]",65.00987027636775,34.25690919345742,0.7332205301748449,0.0
"(12.25, 12.35]",65.36943034404965,33.90674938898289,0.7238202669674751,0.0
"(12.35, 12.45]",65.72899041173153,33.556589584508366,0.7144200037601052,2.0
"(12.45, 12.55]",66.08855047941343,33.206429780033844,0.7050197405527354,0.0
"(12.55, 12.65]",66.44811054709533,32.856269975559314,0.6956194773453654,0.0
"(12.65, 12.75]",66.80767061477722,32.506110171084785,0.6862192141379957,0.0
"(12.75, 12.85]",67.16723068245912,32.15595036661026,0.6768189509306259,0.0
"(12.85, 12.95]",67.526790750141,31.80579056213574,0.6674186877232562,0.0
"(12.95, 13.05]",67.88635081782292,31.45563075766122,0.6580184245158864,0.0
"(13.05, 13.15]",68.2459108855048,31.105470953186682,0.6486181613085165,1.0
"(13.15, 13.25]",68.6054709531867,30.75531114871216,0.6392178981011467,1.0
"(13.25, 13.35]",68.9650310208686,30.405151344237638,0.629817634893777,0.0
"(13.35, 13.45]",69.32459108855048,30.054991539763115,0.6204173716864072,1.0
"(13.45, 13.55]",69.68415115623239,29.704831735288586,0.6110171084790375,0.0
"(13.55, 13.65]",70.04371122391427,29.354671930814057,0.6016168452716675,0.0
"(13.65, 13.75]",70.40327129159618,29.004512126339534,0.5922165820642977,0.0
"(13.75, 13.85]",70.76283135927807,28.654352321865012,0.582816318856928,0.0
"(13.85, 13.95]",71.12239142695996,28.30419251739049,0.5734160556495582,0.0
"(13.95, 14.05]",71.48195149464186,27.95403271291596,0.5640157924421885,1.0
"(14.05, 14.15]",71.84151156232376,27.60387290844143,0.5546155292348185,0.0
"(14.15, 14.25]",72.20107163000566,27.25371310396691,0.5452152660274487,0.0
"(14.25, 14.35]",72.56063169768754,26.903553299492387,0.535815002820079,0.0
"(14.35, 14.45]",72.92019176536944,26.553393495017858,0.5264147396127092,0.0
"(14.45, 14.55]",73.27975183305134,26.203233690543335,0.5170144764053395,0.0
"(14.55, 14.65]",73.63931190073323,25.853073886068806,0.5076142131979695,0.0
"(14.65, 14.75]",73.99887196841513,25.502914081594284,0.49821394999059976,0.0
"(14.75, 14.85]",74.35843203609701,25.152754277119755,0.48881368678323,0.0
"(14.85, 14.95]",74.71799210377891,24.802594472645232,0.47941342357586003,0.0
"(14.95, 15.05]",75.07755217146081,24.45243466817071,0.4700131603684903,0.0
"(15.05, 15.15]",75.4371122391427,24.10227486369618,0.4606128971611205,0.0
"(15.15, 15.25]",75.7966723068246,23.75211505922166,0.45121263395375055,0.0
"(15.25, 15.35]",76.15623237450649,23.40195525474713,0.4418123707463808,0.0
"(15.35, 15.45]",76.5157924421884,23.051795450272607,0.43241210753901105,0.0
"(15.45, 15.55]",76.87535250987028,22.701635645798085,0.4230118443316413,0.0
"(15.55, 15.65]",77.2349125775522,22.351475841323555,0.4136115811242713,0.0
"(15.65, 15.75]",77.59447264523408,22.001316036849026,0.40421131791690157,0.0
"(15.75, 15.85]",77.95403271291597,21.651156232374504,0.3948110547095318,0.0
"(15.85, 15.95]",78.31359278059787,21.30099642789998,0.38541079150216206,0.0
"(15.95, 16.05]",78.67315284827976,20.95083662342546,0.3760105282947923,0.0
"(16.05, 16.15]",79.03271291596167,20.60067681895093,0.36661026508742234,0.0
"(16.15, 16.25]",79.39227298364355,20.250517014476408,0.3572100018800528,0.0
"(16.25, 16.35]",79.75183305132545,19.90035721000188,0.34780973867268283,0.0
"(16.35, 16.45]",80.11139311900735,19.55019740552735,0.33840947546531286,0.0
"(16.45, 16.55]",80.47095318668923,19.200037601052827,0.32900921225794333,0.0
"(16.55, 16.65]",80.83051325437114,18.849877796578298,0.31960894905057335,0.0
"(16.65, 16.75]",81.19007332205302,18.499717992103783,0.3102086858432038,0.0
"(16.75, 16.85]",81.54963338973492,18.149558187629253,0.30080842263583385,0.0
"(16.85, 16.95]",81.90919345741682,17.799398383154724,0.2914081594284639,0.0
"(16.95, 17.05]",82.2687535250987,17.449238578680202,0.28200789622109435,0.0
"(17.05, 17.15]",82.62831359278061,17.099078774205672,0.27260763301372437,0.0
"(17.15, 17.25]",82.9878736604625,16.748918969731157,0.2632073698063546,0.0
"(17.25, 17.35]",83.34743372814441,16.398759165256628,0.25380710659898487,0.0
"(17.35, 17.45]",83.70699379582629,16.0485993607821,0.2444068433916149,0.0
"(17.45, 17.55]",84.06655386350819,15.698439556307576,0.23500658018424514,0.0
"(17.55, 17.65]",84.42611393119009,15.348279751833047,0.2256063169768754,0.0
"(17.65, 17.75]",84.78567399887197,14.998119947358532,0.21620605376950564,0.0
"(17.75, 17.85]",85.14523406655388,14.647960142884003,0.20680579056213566,0.0
"(17.85, 17.95]",85.50479413423577,14.297800338409466,0.1974055273547659,0.0
"(17.95, 18.05]",85.86435420191766,13.947640533934951,0.18800526414739616,0.0
"(18.05, 18.15]",86.22391426959956,13.597480729460422,0.17860500094002618,0.0
"(18.15, 18.25]",86.58347433728144,13.247320924985907,0.16920473773265665,0.0
"(18.25, 18.35]",86.94303440496336,12.89716112051137,0.15980447452528668,0.0
"(18.35, 18.45]",87.30259447264524,12.547001316036841,0.1504042113179167,0.0
"(18.45, 18.55]",87.66215454032715,12.196841511562326,0.14100394811054717,0.0
"(18.55, 18.65]",88.02171460800903,11.846681707087797,0.1316036849031772,0.0
"(18.65, 18.75]",88.38127467569092,11.496521902613281,0.12220342169580767,0.0
"(18.75, 18.85]",88.74083474337283,11.146362098138752,0.1128031584884377,0.0
"(18.85, 18.95]",89.10039481105474,10.796202293664223,0.10340289528106772,0.0
"(18.95, 19.05]",89.45995487873662,10.446042489189693,0.09400263207369819,0.0
"(19.05, 19.15]",89.81951494641851,10.095882684715164,0.08460236886632821,0.0
"(19.15, 19.25]",90.17907501410039,9.745722880240649,0.07520210565895868,0.0
"(19.25, 19.35]",90.5386350817823,9.39556307576612,0.06580184245158871,0.0
"(19.35, 19.45]",90.89819514946421,9.04540327129159,0.056401579244218736,0.0
"(19.45, 19.55]",91.2577552171461,8.695243466817075,0.047001316036849206,0.0
"(19.55, 19.65]",91.61731528482798,8.345083662342546,0.03760105282947923,0.0
"(19.65, 19.75]",91.9768753525099,7.994923857868031,0.0282007896221097,0.0
"(19.75, 19.85]",92.33643542019178,7.644764053393487,0.018800526414739727,0.0
"(19.85, 19.95]",92.69599548787369,7.294604248918958,0.009400263207369752,0.0
"(19.95, 20.05]",93.05555555555556,6.944444444444445,0.0,216.0
"(20.05, ∞)",95.0,5.0,0.0,101.0
