Interval,WinningChance,DrawingChance,LosingChance,TotalGames
"(-∞, -20.05]",0.2638522427440633,3.430079155672823,96.30606860158312,101.0
"(-20.05, -19.95]",0.2638522427440633,3.430079155672823,96.30606860158312,379.0
"(-19.95, -19.85]",0.26488492029168825,3.8277726672408825,95.90734241246744,0.0
"(-19.85, -19.75]",0.2659175978393131,4.2254661788089285,95.50861622335177,0.0
"(-19.75, -19.65]",0.26695027538693805,4.623159690376988,95.10989003423609,0.0
"(-19.65, -19.55]",0.2679829529345629,5.020853201945047,94.7111638451204,0.0
"(-19.55, -19.45]",0.2690156304821878,5.418546713513093,94.31243765600473,0.0
"(-19.45, -19.35]",0.2700483080298127,5.8162402250811525,93.91371146688904,0.0
"(-19.35, -19.25]",0.2710809855774376,6.213933736649198,93.51498527777338,0.0
"(-19.25, -19.15]",0.2721136631250625,6.611627248217257,93.11625908865769,0.0
"(-19.15, -19.05]",0.27314634067268745,7.009320759785316,92.71753289954201,0.0
"(-19.05, -18.95]",0.2741790182203123,7.407014271353362,92.31880671042633,0.0
"(-18.95, -18.85]",0.2752116957679372,7.8047077829214215,91.92008052131065,0.0
"(-18.85, -18.75]",0.27624437331556206,8.202401294489468,91.52135433219497,0.0
"(-18.75, -18.65]",0.277277050863187,8.600094806057527,91.1226281430793,0.0
"(-18.65, -18.55]",0.2783097284108119,8.997788317625586,90.7239019539636,0.0
"(-18.55, -18.45]",0.2793424059584368,9.395481829193631,90.32517576484794,0.0
"(-18.45, -18.35]",0.2803750835060617,9.793175340761692,89.92644957573225,0.0
"(-18.35, -18.25]",0.2814077610536866,10.190868852329736,89.52772338661659,0.0
"(-18.25, -18.15]",0.2824404386013115,10.588562363897797,89.1289971975009,0.0
"(-18.15, -18.05]",0.2834731161489364,10.986255875465856,88.73027100838522,0.0
"(-18.05, -17.95]",0.28450579369656126,11.383949387033901,88.33154481926954,0.0
"(-17.95, -17.85]",0.2855384712441862,11.78164289860196,87.93281863015386,0.0
"(-17.85, -17.75]",0.28657114879181106,12.179336410170006,87.53409244103818,0.0
"(-17.75, -17.65]",0.287603826339436,12.577029921738065,87.1353662519225,0.0
"(-17.65, -17.55]",0.2886365038870609,12.974723433306126,86.73664006280683,0.0
"(-17.55, -17.45]",0.2896691814346858,13.372416944874171,86.33791387369115,0.0
"(-17.45, -17.35]",0.29070185898231066,13.77011045644223,85.93918768457547,0.0
"(-17.35, -17.25]",0.29173453652993553,14.167803968010276,85.5404614954598,0.0
"(-17.25, -17.15]",0.29276721407756046,14.565497479578335,85.14173530634412,0.0
"(-17.15, -17.05]",0.2937998916251854,14.963190991146394,84.74300911722842,0.0
"(-17.05, -16.95]",0.29483256917281025,15.36088450271444,84.34428292811276,0.0
"(-16.95, -16.85]",0.2958652467204352,15.7585780142825,83.94555673899707,0.0
"(-16.85, -16.75]",0.29689792426806005,16.156271525850546,83.5468305498814,0.0
"(-16.75, -16.65]",0.297930601815685,16.553965037418607,83.14810436076571,0.0
"(-16.65, -16.55]",0.29896327936330985,16.951658548986664,82.74937817165004,0.0
"(-16.55, -16.45]",0.2999959569109347,17.349352060554708,82.35065198253436,0.0
"(-16.45, -16.35]",0.30102863445855965,17.74704557212277,81.95192579341868,0.0
"(-16.35, -16.25]",0.3020613120061845,18.144739083690816,81.553199604303,0.0
"(-16.25, -16.15]",0.30309398955380945,18.542432595258873,81.15447341518733,0.0
"(-16.15, -16.05]",0.3041266671014344,18.940126106826934,80.75574722607163,0.0
"(-16.05, -15.95]",0.30515934464905925,19.33781961839498,80.35702103695597,0.0
"(-15.95, -15.85]",0.3061920221966842,19.73551312996304,79.95829484784028,0.0
"(-15.85, -15.75]",0.30722469974430905,20.13320664153109,79.5595686587246,0.0
"(-15.75, -15.65]",0.3082573772919339,20.530900153099147,79.16084246960892,0.0
"(-15.65, -15.55]",0.30929005483955885,20.928593664667197,78.76211628049325,0.0
"(-15.55, -15.45]",0.3103227323871837,21.326287176235248,78.36339009137757,0.0
"(-15.45, -15.35]",0.31135540993480865,21.723980687803305,77.96466390226189,0.0
"(-15.35, -15.25]",0.3123880874824335,22.121674199371363,77.56593771314621,0.0
"(-15.25, -15.15]",0.31342076503005845,22.519367710939413,77.16721152403053,0.0
"(-15.15, -15.05]",0.3144534425776833,22.917061222507463,76.76848533491486,0.0
"(-15.05, -14.95]",0.3154861201253082,23.31475473407552,76.36975914579918,0.0
"(-14.95, -14.85]",0.3165187976729331,23.71244824564358,75.9710329566835,0.0
"(-14.85, -14.75]",0.31755147522055804,24.11014175721163,75.57230676756782,0.0
"(-14.75, -14.65]",0.3185841527681829,24.50783526877968,75.17358057845215,0.0
"(-14.65, -14.55]",0.3196168303158078,24.905528780347737,74.77485438933647,0.0
"(-14.55, -14.45]",0.3206495078634327,25.303222291915787,74.37612820022079,0.0
"(-14.45, -14.35]",0.32168218541105764,25.700915803483845,73.9774020111051,0.0
"(-14.35, -14.25]",0.3227148629586825,26.098609315051903,73.57867582198942,0.0
"(-14.25, -14.15]",0.3237475405063074,26.496302826619953,73.17994963287374,0.0
"(-14.15, -14.05]",0.3247802180539323,26.893996338188003,72.78122344375807,0.0
"(-14.05, -13.95]",0.3258128956015572,27.291689849756054,72.38249725464239,0.0
"(-13.95, -13.85]",0.3268455731491821,27.68938336132412,71.98377106552671,2.0
"(-13.85, -13.75]",0.327878250696807,28.08707687289217,71.58504487641103,0.0
"(-13.75, -13.65]",0.3289109282444319,28.48477038446022,71.18631868729535,0.0
"(-13.65, -13.55]",0.3299436057920568,28.882463896028277,70.78759249817968,1.0
"(-13.55, -13.45]",0.33097628333968165,29.280157407596327,70.388866309064,0.0
"(-13.45, -13.35]",0.3320089608873066,29.677850919164385,69.99014011994831,0.0
"(-13.35, -13.25]",0.3330416384349315,30.075544430732442,69.59141393083263,0.0
"(-13.25, -13.15]",0.3340743159825564,30.473237942300493,69.19268774171695,3.0
"(-13.15, -13.05]",0.33510699353018125,30.870931453868543,68.79396155260127,1.0
"(-13.05, -12.95]",0.3361396710778062,31.268624965436594,68.3952353634856,1.0
"(-12.95, -12.85]",0.3371723486254311,31.66631847700466,67.99650917436992,0.0
"(-12.85, -12.75]",0.338205026173056,32.06401198857271,67.59778298525424,3.0
"(-12.75, -12.65]",0.33923770372068085,32.46170550014076,67.19905679613856,1.0
"(-12.65, -12.55]",0.3402703812683058,32.85939901170882,66.80033060702289,0.0
"(-12.55, -12.45]",0.34130305881593065,33.25709252327687,66.40160441790721,1.0
"(-12.45, -12.35]",0.3423357363635556,33.654786034844925,66.00287822879153,0.0
"(-12.35, -12.25]",0.34336841391118045,34.052479546412975,65.60415203967585,2.0
"(-12.25, -12.15]",0.3444010914588054,34.45017305798103,65.20542585056018,1.0
"(-12.15, -12.05]",0.34543376900643025,34.84786656954908,64.8066996614445,1.0
"(-12.05, -11.95]",0.3464664465540551,35.245560081117134,64.40797347232882,1.0
"(-11.95, -11.85]",0.34749912410168005,35.64325359268519,64.00924728321313,2.0
"(-11.85, -11.75]",0.348531801649305,36.04094710425325,63.61052109409745,2.0
"(-11.75, -11.65]",0.34956447919692984,36.4386406158213,63.21179490498177,0.0
"(-11.65, -11.55]",0.3505971567445547,36.83633412738935,62.813068715866095,1.0
"(-11.55, -11.45]",0.35162983429217964,37.2340276389574,62.41434252675042,0.0
"(-11.45, -11.35]",0.35266251183980457,37.631721150525465,62.01561633763473,0.0
"(-11.35, -11.25]",0.35369518938742944,38.029414662093515,61.616890148519055,1.0
"(-11.25, -11.15]",0.3547278669350543,38.427108173661566,61.21816395940338,0.0
"(-11.15, -11.05]",0.35576054448267924,38.82480168522962,60.8194377702877,1.0
"(-11.05, -10.95]",0.3567932220303041,39.222495196797674,60.42071158117202,2.0
"(-10.95, -10.85]",0.35782589957792904,39.62018870836573,60.02198539205634,1.0
"(-10.85, -10.75]",0.3588585771255539,40.01788221993378,59.62325920294066,1.0
"(-10.75, -10.65]",0.35989125467317884,40.41557573150184,59.22453301382498,0.0
"(-10.65, -10.55]",0.3609239322208037,40.81326924306989,58.82580682470931,2.0
"(-10.55, -10.45]",0.3619566097684286,41.21096275463794,58.42708063559363,0.0
"(-10.45, -10.35]",0.3629892873160535,41.608656266206005,58.02835444647795,1.0
"(-10.35, -10.25]",0.36402196486367844,42.006349777774055,57.62962825736227,0.0
"(-10.25, -10.15]",0.3650546424113033,42.404043289342106,57.23090206824659,2.0
"(-10.15, -10.05]",0.3660873199589282,42.801736800910156,56.832175879130915,0.0
"(-10.05, -9.95]",0.3671199975065531,43.19943031247821,56.43344969001524,0.0
"(-9.95, -9.85]",0.36815267505417804,43.59712382404627,56.03472350089955,0.0
"(-9.85, -9.75]",0.3691853526018029,43.99481733561432,55.635997311783875,2.0
"(-9.75, -9.65]",0.3702180301494278,44.39251084718238,55.2372711226682,1.0
"(-9.65, -9.55]",0.3712507076970527,44.79020435875043,54.83854493355252,1.0
"(-9.55, -9.45]",0.3722833852446776,45.18789787031848,54.43981874443684,1.0
"(-9.45, -9.35]",0.3733160627923025,45.58559138188654,54.04109255532116,0.0
"(-9.35, -9.25]",0.3743487403399274,45.983284893454595,53.64236636620548,2.0
"(-9.25, -9.15]",0.3753814178875523,46.380978405022645,53.2436401770898,0.0
"(-9.15, -9.05]",0.3764140954351772,46.778671916590696,52.844913987974124,1.0
"(-9.05, -8.95]",0.37744677298280205,47.17636542815875,52.446187798858446,2.0
"(-8.95, -8.85]",0.378479450530427,47.57405893972681,52.04746160974276,2.0
"(-8.85, -8.75]",0.3795121280780519,47.97175245129486,51.648735420627084,2.0
"(-8.75, -8.65]",0.3805448056256768,48.36944596286291,51.250009231511406,1.0
"(-8.65, -8.55]",0.38157748317330165,48.76713947443097,50.85128304239573,4.0
"(-8.55, -8.45]",0.3826101607209266,49.16483298599902,50.45255685328005,6.0
"(-8.45, -8.35]",0.3836428382685515,49.56252649756708,50.053830664164366,4.0
"(-8.35, -8.25]",0.38467551581617637,49.960220009135135,49.65510447504869,3.0
"(-8.25, -8.15]",0.38570819336380124,50.357913520703185,49.25637828593301,3.0
"(-8.15, -8.05]",0.38674087091142617,50.755607032271236,48.85765209681733,4.0
"(-8.05, -7.95]",0.38777354845905104,51.153300543839286,48.458925907701655,3.0
"(-7.95, -7.85]",0.38880622600667597,51.55099405540735,48.06019971858598,7.0
"(-7.85, -7.75]",0.38983890355430084,51.9486875669754,47.6614735294703,2.0
"(-7.75, -7.65]",0.39087158110192577,52.34638107854345,47.26274734035462,5.0
"(-7.65, -7.55]",0.39190425864955064,52.74407459011151,46.864021151238944,2.0
"(-7.55, -7.45]",0.3929369361971755,53.14176810167956,46.46529496212327,4.0
"(-7.45, -7.35]",0.39396961374480044,53.53946161324762,46.06656877300758,3.0
"(-7.35, -7.25]",0.39500229129242537,53.937155124815675,45.667842583891904,7.0
"(-7.25, -7.15]",0.39603496884005024,54.334848636383725,45.269116394776226,4.0
"(-7.15, -7.05]",0.3970676463876751,54.732542147951776,44.87039020566055,4.0
"(-7.05, -6.95]",0.39810032393530004,55.130235659519826,44.47166401654487,12.0
"(-6.95, -6.85]",0.39913300148292497,55.52792917108789,44.072937827429186,2.0
"(-6.85, -6.75]",0.40016567903054984,55.92562268265594,43.67421163831351,5.0
"(-6.75, -6.65]",0.4011983565781747,56.32331619422399,43.27548544919783,4.0
"(-6.65, -6.55]",0.40223103412579964,56.72100970579205,42.87675926008215,18.0
"(-6.55, -6.45]",0.40326371167342456,57.1187032173601,42.478033070966475,5.0
"(-6.45, -6.35]",0.40429638922104943,57.51639672892816,42.07930688185079,8.0
"(-6.35, -6.25]",0.4053290667686743,57.91409024049621,41.68058069273511,9.0
"(-6.25, -6.15]",0.40636174431629923,58.311783752064265,41.281854503619435,12.0
"(-6.15, -6.05]",0.4073944218639241,58.709477263632316,40.88312831450376,4.0
"(-6.05, -5.95]",0.408427099411549,59.107170775200366,40.48440212538808,10.0
"(-5.95, -5.85]",0.4094597769591739,59.50486428676843,40.085675936272395,9.0
"(-5.85, -5.75]",0.41049245450679883,59.90255779833648,39.68694974715672,7.0
"(-5.75, -5.65]",0.4115251320544237,60.30025130990453,39.28822355804104,23.0
"(-5.65, -5.55]",0.4125578096020486,60.69794482147258,38.88949736892536,9.0
"(-5.55, -5.45]",0.4135904871496735,61.09563833304064,38.490771179809684,21.0
"(-5.45, -5.35]",0.41462316469729843,61.4933318446087,38.092044990694,20.0
"(-5.35, -5.25]",0.4156558422449233,61.89102535617675,37.69331880157833,18.0
"(-5.25, -5.15]",0.4166885197925482,62.288718867744805,37.29459261246265,28.0
"(-5.15, -5.05]",0.4177211973401731,62.686412379312856,36.89586642334697,30.0
"(-5.05, -4.95]",0.418753874887798,63.084105890880906,36.497140234231296,17.0
"(-4.95, -4.85]",0.4197865524354229,63.481799402448964,36.09841404511561,28.0
"(-4.85, -4.75]",0.42081922998304777,63.87949291401702,35.69968785599993,31.0
"(-4.75, -4.65]",0.4218519075306727,64.27718642558507,35.300961666884255,24.0
"(-4.65, -4.55]",0.4228845850782976,64.67487993715312,34.90223547776858,12.0
"(-4.55, -4.45]",0.42391726262592244,65.07257344872119,34.5035092886529,11.0
"(-4.45, -4.35]",0.42494994017354737,65.47026696028924,34.104783099537215,22.0
"(-4.35, -4.25]",0.4259826177211723,65.86796047185729,33.70605691042154,10.0
"(-4.25, -4.15]",0.42701529526879717,66.26565398342534,33.30733072130586,7.0
"(-4.15, -4.05]",0.42804797281642204,66.6633474949934,32.90860453219018,7.0
"(-4.05, -3.95]",0.42908065036404697,67.06104100656145,32.509878343074504,8.0
"(-3.95, -3.85]",0.4301133279116719,67.45873451812952,32.11115215395883,8.0
"(-3.85, -3.75]",0.43114600545929677,67.85642802969755,31.71242596484315,12.0
"(-3.75, -3.65]",0.43217868300692164,68.25412154126562,31.31369977572747,12.0
"(-3.65, -3.55]",0.43321136055454657,68.65181505283368,30.91497358661178,6.0
"(-3.55, -3.45]",0.4342440381021715,69.04950856440172,30.516247397496116,6.0
"(-3.45, -3.35]",0.43527671564979636,69.44720207596978,30.117521208380424,5.0
"(-3.35, -3.25]",0.43630939319742124,69.84489558753783,29.71879501926476,7.0
"(-3.25, -3.15]",0.43734207074504616,70.24258909910588,29.32006883014907,9.0
"(-3.15, -3.05]",0.4383747482926711,70.64028261067395,28.92134264103339,12.0
"(-3.05, -2.95]",0.4394074258402959,71.03797612224199,28.522616451917713,15.0
"(-2.95, -2.85]",0.44044010338792083,71.43566963381005,28.123890262802036,18.0
"(-2.85, -2.75]",0.44147278093554576,71.8333631453781,27.725164073686358,13.0
"(-2.75, -2.65]",0.44250545848317063,72.23105665694615,27.32643788457068,11.0
"(-2.65, -2.55]",0.44353813603079556,72.62875016851422,26.927711695454988,4.0
"(-2.55, -2.45]",0.44457081357842043,73.02644368008227,26.528985506339325,6.0
"(-2.45, -2.35]",0.44560349112604536,73.42413719165032,26.130259317223633,9.0
"(-2.35, -2.25]",0.44663616867367023,73.82183070321837,25.73153312810797,6.0
"(-2.25, -2.15]",0.4476688462212951,74.21952421478643,25.332806938992277,10.0
"(-2.15, -2.05]",0.44870152376892003,74.61721772635448,24.9340807498766,12.0
"(-2.05, -1.95]",0.44973420131654496,75.01491123792253,24.535354560760922,15.0
"(-1.95, -1.85]",0.45076687886416983,75.4126047494906,24.136628371645244,9.0
"(-1.85, -1.75]",0.4517995564117947,75.81029826105863,23.737902182529567,19.0
"(-1.75, -1.65]",0.4528322339594196,76.2079917726267,23.33917599341389,18.0
"(-1.65, -1.55]",0.45386491150704455,76.60568528419475,22.940449804298197,18.0
"(-1.55, -1.45]",0.45489758905466937,77.0033787957628,22.541723615182534,17.0
"(-1.45, -1.35]",0.4559302666022943,77.40107230733086,22.14299742606684,12.0
"(-1.35, -1.25]",0.4569629441499192,77.7987658188989,21.744271236951178,8.0
"(-1.25, -1.15]",0.45799562169754415,78.19645933046696,21.3455450478355,10.0
"(-1.15, -1.05]",0.459028299245169,78.59415284203503,20.94681885871981,6.0
"(-1.05, -0.95]",0.4600609767927939,78.99184635360307,20.548092669604145,7.0
"(-0.95, -0.85]",0.4610936543404188,79.38953986517113,20.149366480488453,14.0
"(-0.85, -0.75]",0.4621263318880437,79.78723337673918,19.75064029137279,8.0
"(-0.75, -0.65]",0.46315900943566857,80.18492688830723,19.351914102257098,7.0
"(-0.65, -0.55]",0.4641916869832935,80.5826203998753,18.95318791314142,15.0
"(-0.55, -0.45]",0.4652243645309184,80.98031391144335,18.554461724025742,28.0
"(-0.45, -0.35]",0.4662570420785433,81.3780074230114,18.155735534910065,83.0
"(-0.35, -0.25]",0.46728971962616817,81.77570093457945,17.75700934579439,214.0
"(-0.25, -0.15]",0.6024096385542169,80.72289156626506,18.67469879518072,332.0
"(-0.15, -0.05]",3.571428571428571,77.38095238095238,19.047619047619047,420.0
"(-0.05, 0.05]",6.24410488587059,88.77570269760423,4.980192416525184,5301.0
"(0.05, 0.15]",22.41758241758242,74.94505494505495,2.6373626373626373,455.0
"(0.15, 0.25]",15.072463768115943,83.18840579710145,1.7391304347826086,345.0
"(0.25, 0.35]",23.04147465437788,74.65437788018433,2.3041474654377883,217.0
"(0.35, 0.45]",23.394902024998633,74.31264668959118,2.292451285410185,64.0
"(0.45, 0.55]",23.74832939561939,73.97091549899802,2.2807551053825823,35.0
"(0.55, 0.65]",24.101756766240143,73.62918430840487,2.269058925354979,17.0
"(0.65, 0.75]",24.4551841368609,73.28745311781172,2.2573627453273764,16.0
"(0.75, 0.85]",24.808611507481654,72.94572192721857,2.245666565299773,13.0
"(0.85, 0.95]",25.16203887810241,72.60399073662542,2.2339703852721704,16.0
"(0.95, 1.05]",25.515466248723165,72.26225954603225,2.222274205244567,12.0
"(1.05, 1.15]",25.868893619343922,71.9205283554391,2.2105780252169644,11.0
"(1.15, 1.25]",26.222320989964675,71.57879716484595,2.1988818451893613,15.0
"(1.25, 1.35]",26.575748360585433,71.2370659742528,2.1871856651617585,10.0
"(1.35, 1.45]",26.929175731206186,70.89533478365965,2.1754894851341553,13.0
"(1.45, 1.55]",27.282603101826943,70.5536035930665,2.1637933051065525,17.0
"(1.55, 1.65]",27.636030472447697,70.21187240247335,2.1520971250789493,13.0
"(1.65, 1.75]",27.98945784306845,69.8701412118802,2.1404009450513466,16.0
"(1.75, 1.85]",28.342885213689208,69.52841002128704,2.1287047650237434,16.0
"(1.85, 1.95]",28.696312584309965,69.1866788306939,2.1170085849961406,10.0
"(1.95, 2.05]",29.04973995493072,68.84494764010074,2.1053124049685374,17.0
"(2.05, 2.15]",29.403167325551472,68.50321644950759,2.0936162249409347,15.0
"(2.15, 2.25]",29.75659469617223,68.16148525891444,2.0819200449133315,15.0
"(2.25, 2.35]",30.110022066792983,67.81975406832129,2.0702238648857287,16.0
"(2.35, 2.45]",30.46344943741374,67.47802287772814,2.0585276848581255,12.0
"(2.45, 2.55]",30.816876808034493,67.13629168713497,2.0468315048305223,20.0
"(2.55, 2.65]",31.17030417865525,66.79456049654182,2.0351353248029196,20.0
"(2.65, 2.75]",31.523731549276004,66.45282930594867,2.0234391447753164,15.0
"(2.75, 2.85]",31.877158919896758,66.11109811535552,2.0117429647477136,17.0
"(2.85, 2.95]",32.230586290517515,65.76936692476237,2.0000467847201104,28.0
"(2.95, 3.05]",32.58401366113827,65.42763573416921,1.9883506046925077,21.0
"(3.05, 3.15]",32.93744103175902,65.08590454357606,1.9766544246649047,13.0
"(3.15, 3.25]",33.29086840237978,64.74417335298291,1.9649582446373017,11.0
"(3.25, 3.35]",33.644295773000536,64.40244216238976,1.9532620646096985,6.0
"(3.35, 3.45]",33.99772314362129,64.06071097179661,1.9415658845820958,5.0
"(3.45, 3.55]",34.35115051424205,63.71897978120345,1.9298697045544926,11.0
"(3.55, 3.65]",34.7045778848628,63.3772485906103,1.9181735245268898,12.0
"(3.65, 3.75]",35.05800525548356,63.03551740001715,1.9064773444992866,14.0
"(3.75, 3.85]",35.411432626104315,62.693786209424,1.8947811644716837,13.0
"(3.85, 3.95]",35.764859996725065,62.352055018830846,1.8830849844440807,12.0
"(3.95, 4.05]",36.11828736734582,62.01032382823769,1.8713888044164777,19.0
"(4.05, 4.15]",36.47171473796658,61.66859263764454,1.8596926243888747,19.0
"(4.15, 4.25]",36.825142108587336,61.326861447051385,1.8479964443612718,6.0
"(4.25, 4.35]",37.178569479208086,60.985130256458234,1.8363002643336688,10.0
"(4.35, 4.45]",37.53199684982884,60.64339906586508,1.8246040843060658,13.0
"(4.45, 4.55]",37.8854242204496,60.30166787527193,1.8129079042784628,21.0
"(4.55, 4.65]",38.23885159107035,59.95993668467878,1.8012117242508598,24.0
"(4.65, 4.75]",38.59227896169111,59.61820549408563,1.7895155442232569,22.0
"(4.75, 4.85]",38.945706332311865,59.27647430349248,1.777819364195654,31.0
"(4.85, 4.95]",39.29913370293262,58.934743112899326,1.766123184168051,22.0
"(4.95, 5.05]",39.65256107355337,58.59301192230617,1.7544270041404477,18.0
"(5.05, 5.15]",40.00598844417413,58.25128073171302,1.742730824112845,42.0
"(5.15, 5.25]",40.359415814794886,57.909549541119866,1.7310346440852418,26.0
"(5.25, 5.35]",40.712843185415636,57.567818350526714,1.719338464057639,27.0
"(5.35, 5.45]",41.06627055603639,57.22608715993356,1.7076422840300358,20.0
"(5.45, 5.55]",41.41969792665715,56.884355969340405,1.695946104002433,22.0
"(5.55, 5.65]",41.7731252972779,56.54262477874725,1.6842499239748299,28.0
"(5.65, 5.75]",42.126552667898665,56.2008935881541,1.672553743947227,15.0
"(5.75, 5.85]",42.479980038519415,55.85916239756095,1.660857563919624,21.0
"(5.85, 5.95]",42.83340740914017,55.5174312069678,1.6491613838920212,13.0
"(5.95, 6.05]",43.18683477976093,55.17570001637465,1.637465203864418,10.0
"(6.05, 6.15]",43.54026215038168,54.8339688257815,1.625769023836815,11.0
"(6.15, 6.25]",43.89368952100244,54.492237635188346,1.614072843809212,9.0
"(6.25, 6.35]",44.24711689162319,54.150506444595194,1.602376663781609,12.0
"(6.35, 6.45]",44.60054426224394,53.80877525400204,1.590680483754006,5.0
"(6.45, 6.55]",44.95397163286471,53.467044063408885,1.578984303726403,11.0
"(6.55, 6.65]",45.30739900348546,53.125312872815734,1.5672881236988,5.0
"(6.65, 6.75]",45.660826374106215,52.783581682222575,1.555591943671197,11.0
"(6.75, 6.85]",46.01425374472697,52.441850491629424,1.5438957636435942,3.0
"(6.85, 6.95]",46.36768111534772,52.10011930103627,1.5321995836159912,7.0
"(6.95, 7.05]",46.72110848596848,51.75838811044312,1.5205034035883882,3.0
"(7.05, 7.15]",47.074535856589236,51.41665691984997,1.508807223560785,3.0
"(7.15, 7.25]",47.427963227209986,51.07492572925682,1.4971110435331823,3.0
"(7.25, 7.35]",47.78139059783074,50.73319453866367,1.485414863505579,3.0
"(7.35, 7.45]",48.1348179684515,50.391463348070516,1.4737186834779763,1.0
"(7.45, 7.55]",48.48824533907225,50.049732157477365,1.462022503450373,6.0
"(7.55, 7.65]",48.841672709693015,49.708000966884214,1.4503263234227703,3.0
"(7.65, 7.75]",49.195100080313765,49.366269776291055,1.4386301433951671,6.0
"(7.75, 7.85]",49.54852745093452,49.024538585697904,1.4269339633675642,5.0
"(7.85, 7.95]",49.90195482155528,48.68280739510475,1.4152377833399612,10.0
"(7.95, 8.05]",50.25538219217603,48.3410762045116,1.4035416033123582,4.0
"(8.05, 8.15]",50.60880956279679,47.99934501391844,1.3918454232847552,5.0
"(8.15, 8.25]",50.96223693341754,47.65761382332529,1.3801492432571523,2.0
"(8.25, 8.35]",51.31566430403829,47.31588263273214,1.3684530632295493,1.0
"(8.35, 8.45]",51.66909167465905,46.97415144213899,1.3567568832019463,3.0
"(8.45, 8.55]",52.02251904527981,46.63242025154584,1.3450607031743433,0.0
"(8.55, 8.65]",52.375946415900565,46.29068906095269,1.3333645231467401,3.0
"(8.65, 8.75]",52.72937378652132,45.948957870359536,1.3216683431191374,1.0
"(8.75, 8.85]",53.08280115714207,45.607226679766384,1.3099721630915344,0.0
"(8.85, 8.95]",53.43622852776282,45.26549548917323,1.2982759830639314,1.0
"(8.95, 9.05]",53.789655898383586,44.92376429858008,1.2865798030363285,1.0
"(9.05, 9.15]",54.143083269004336,44.58203310798692,1.2748836230087253,1.0
"(9.15, 9.25]",54.4965106396251,44.24030191739377,1.2631874429811223,3.0
"(9.25, 9.35]",54.84993801024585,43.89857072680062,1.2514912629535195,5.0
"(9.35, 9.45]",55.2033653808666,43.55683953620747,1.2397950829259166,0.0
"(9.45, 9.55]",55.55679275148736,43.21510834561432,1.2280989028983136,0.0
"(9.55, 9.65]",55.910220122108115,42.87337715502116,1.2164027228707104,3.0
"(9.65, 9.75]",56.26364749272887,42.53164596442801,1.2047065428431074,1.0
"(9.75, 9.85]",56.61707486334962,42.18991477383486,1.1930103628155044,1.0
"(9.85, 9.95]",56.97050223397038,41.848183583241706,1.1813141827879015,0.0
"(9.95, 10.05]",57.323929604591136,41.506452392648555,1.1696180027602987,0.0
"(10.05, 10.15]",57.67735697521189,41.164721202055404,1.1579218227326955,0.0
"(10.15, 10.25]",58.03078434583265,40.82299001146225,1.1462256427050925,2.0
"(10.25, 10.35]",58.3842117164534,40.4812588208691,1.1345294626774896,0.0
"(10.35, 10.45]",58.73763908707416,40.13952763027595,1.1228332826498866,0.0
"(10.45, 10.55]",59.09106645769491,39.7977964396828,1.1111371026222836,1.0
"(10.55, 10.65]",59.44449382831567,39.45606524908964,1.0994409225946804,2.0
"(10.65, 10.75]",59.79792119893642,39.11433405849649,1.0877447425670776,0.0
"(10.75, 10.85]",60.15134856955718,38.77260286790334,1.0760485625394747,5.0
"(10.85, 10.95]",60.50477594017793,38.430871677310186,1.0643523825118717,0.0
"(10.95, 11.05]",60.858203310798686,38.089140486717035,1.0526562024842687,1.0
"(11.05, 11.15]",61.21163068141944,37.74740929612388,1.0409600224566655,3.0
"(11.15, 11.25]",61.5650580520402,37.405678105530725,1.0292638424290625,1.0
"(11.25, 11.35]",61.91848542266095,37.063946914937574,1.0175676624014596,0.0
"(11.35, 11.45]",62.27191279328171,36.72221572434442,1.0058714823738568,2.0
"(11.45, 11.55]",62.625340163902464,36.38048453375127,0.9941753023462538,0.0
"(11.55, 11.65]",62.97876753452322,36.03875334315811,0.9824791223186506,1.0
"(11.65, 11.75]",63.33219490514398,35.69702215256496,0.9707829422910477,0.0
"(11.75, 11.85]",63.68562227576473,35.35529096197181,0.9590867622634447,1.0
"(11.85, 11.95]",64.03904964638548,35.01355977137866,0.9473905822358417,1.0
"(11.95, 12.05]",64.39247701700623,34.671828580785515,0.935694402208239,0.0
"(12.05, 12.15]",64.74590438762701,34.33009739019236,0.9239982221806358,1.0
"(12.15, 12.25]",65.09933175824776,33.988366199599206,0.9123020421530328,1.0
"(12.25, 12.35]",65.45275912886851,33.646635009006054,0.9006058621254298,0.0
"(12.35, 12.45]",65.80618649948926,33.3049038184129,0.8889096820978268,1.0
"(12.45, 12.55]",66.15961387011001,32.96317262781975,0.8772135020702239,2.0
"(12.55, 12.65]",66.51304124073077,32.62144143722659,0.8655173220426207,3.0
"(12.65, 12.75]",66.86646861135154,32.27971024663344,0.8538211420150179,1.0
"(12.75, 12.85]",67.21989598197229,31.93797905604029,0.8421249619874149,3.0
"(12.85, 12.95]",67.57332335259304,31.59624786544714,0.830428781959812,2.0
"(12.95, 13.05]",67.92675072321379,31.25451667485399,0.818732601932209,1.0
"(13.05, 13.15]",68.28017809383455,30.91278548426083,0.8070364219046058,0.0
"(13.15, 13.25]",68.63360546445531,30.57105429366768,0.7953402418770028,3.0
"(13.25, 13.35]",68.98703283507606,30.229323103074528,0.7836440618494,2.0
"(13.35, 13.45]",69.34046020569681,29.887591912481376,0.7719478818217971,1.0
"(13.45, 13.55]",69.69388757631756,29.545860721888225,0.7602517017941941,2.0
"(13.55, 13.65]",70.04731494693833,29.204129531295074,0.7485555217665909,0.0
"(13.65, 13.75]",70.40074231755908,28.862398340701922,0.7368593417389879,0.0
"(13.75, 13.85]",70.75416968817984,28.52066715010877,0.725163161711385,0.0
"(13.85, 13.95]",71.1075970588006,28.17893595951562,0.713466981683782,0.0
"(13.95, 14.05]",71.46102442942134,27.83720476892247,0.7017708016561792,0.0
"(14.05, 14.15]",71.8144518000421,27.49547357832931,0.690074621628576,0.0
"(14.15, 14.25]",72.16787917066286,27.15374238773616,0.678378441600973,0.0
"(14.25, 14.35]",72.52130654128361,26.812011197143008,0.6666822615733701,0.0
"(14.35, 14.45]",72.87473391190437,26.470280006549856,0.6549860815457671,0.0
"(14.45, 14.55]",73.22816128252512,26.128548815956705,0.6432899015181641,0.0
"(14.55, 14.65]",73.58158865314587,25.786817625363547,0.6315937214905609,1.0
"(14.65, 14.75]",73.93501602376662,25.445086434770396,0.6198975414629582,0.0
"(14.75, 14.85]",74.28844339438739,25.103355244177244,0.6082013614353552,0.0
"(14.85, 14.95]",74.64187076500815,24.761624053584093,0.5965051814077522,0.0
"(14.95, 15.05]",74.9952981356289,24.41989286299094,0.5848090013801492,0.0
"(15.05, 15.15]",75.34872550624965,24.078161672397783,0.573112821352546,0.0
"(15.15, 15.25]",75.7021528768704,23.736430481804632,0.5614166413249431,0.0
"(15.25, 15.35]",76.05558024749116,23.39469929121148,0.5497204612973401,0.0
"(15.35, 15.45]",76.40900761811191,23.05296810061833,0.5380242812697373,0.0
"(15.45, 15.55]",76.76243498873268,22.71123691002518,0.5263281012421344,0.0
"(15.55, 15.65]",77.11586235935343,22.369505719432027,0.5146319212145312,0.0
"(15.65, 15.75]",77.46928972997418,22.027774528838876,0.5029357411869282,0.0
"(15.75, 15.85]",77.82271710059493,21.686043338245724,0.4912395611593252,0.0
"(15.85, 15.95]",78.1761444712157,21.344312147652573,0.47954338113172224,0.0
"(15.95, 16.05]",78.52957184183644,21.002580957059422,0.4678472011041195,0.0
"(16.05, 16.15]",78.88299921245721,20.660849766466264,0.4561510210765163,0.0
"(16.15, 16.25]",79.23642658307796,20.31911857587312,0.44445484104891353,0.0
"(16.25, 16.35]",79.58985395369871,19.97738738527996,0.43275866102131033,0.0
"(16.35, 16.45]",79.94328132431947,19.635656194686803,0.42106248099370713,0.0
"(16.45, 16.55]",80.29670869494022,19.29392500409366,0.4093663009661044,0.0
"(16.55, 16.65]",80.65013606556099,18.9521938135005,0.3976701209385012,0.0
"(16.65, 16.75]",81.00356343618174,18.610462622907356,0.38597394091089865,0.0
"(16.75, 16.85]",81.35699080680249,18.268731432314198,0.37427776088329545,0.0
"(16.85, 16.95]",81.71041817742325,17.92700024172104,0.36258158085569225,0.0
"(16.95, 17.05]",82.063845548044,17.585269051127895,0.3508854008280895,0.0
"(17.05, 17.15]",82.41727291866476,17.243537860534744,0.3391892208004863,0.0
"(17.15, 17.25]",82.77070028928551,16.901806669941593,0.32749304077288355,0.0
"(17.25, 17.35]",83.12412765990626,16.56007547934844,0.31579686074528057,0.0
"(17.35, 17.45]",83.47755503052703,16.218344288755283,0.3041006807176774,0.0
"(17.45, 17.55]",83.83098240114776,15.876613098162139,0.2924045006900746,0.0
"(17.55, 17.65]",84.18440977176854,15.53488190756898,0.2807083206624714,0.0
"(17.65, 17.75]",84.5378371423893,15.193150716975836,0.26901214063486867,0.0
"(17.75, 17.85]",84.89126451301004,14.851419526382678,0.25731596060726547,0.0
"(17.85, 17.95]",85.2446918836308,14.50968833578952,0.24561978057966227,0.0
"(17.95, 18.05]",85.59811925425154,14.167957145196375,0.23392360055205952,0.0
"(18.05, 18.15]",85.95154662487232,13.826225954603217,0.22222742052445632,0.0
"(18.15, 18.25]",86.30497399549306,13.484494764010073,0.21053124049685357,0.0
"(18.25, 18.35]",86.65840136611382,13.142763573416914,0.1988350604692508,0.0
"(18.35, 18.45]",87.01182873673457,12.801032382823756,0.18713888044164761,0.0
"(18.45, 18.55]",87.36525610735532,12.459301192230612,0.17544270041404486,0.0
"(18.55, 18.65]",87.71868347797609,12.117570001637453,0.16374652038644166,0.0
"(18.65, 18.75]",88.07211084859684,11.77583881104431,0.1520503403588389,0.0
"(18.75, 18.85]",88.4255382192176,11.434107620451151,0.1403541603312357,0.0
"(18.85, 18.95]",88.77896558983835,11.092376429858,0.1286579803036325,0.0
"(18.95, 19.05]",89.1323929604591,10.750645239264848,0.11696180027602976,0.0
"(19.05, 19.15]",89.48582033107986,10.40891404867169,0.10526562024842656,0.0
"(19.15, 19.25]",89.83924770170061,10.067182858078553,0.09356944022082381,0.0
"(19.25, 19.35]",90.19267507232136,9.725451667485387,0.08187326019322061,0.0
"(19.35, 19.45]",90.54610244294213,9.383720476892236,0.07017708016561741,0.0
"(19.45, 19.55]",90.89952981356288,9.041989286299085,0.05848090013801466,0.0
"(19.55, 19.65]",91.25295718418364,8.700258095705934,0.04678472011041146,0.0
"(19.65, 19.75]",91.6063845548044,8.358526905112782,0.03508854008280915,0.0
"(19.75, 19.85]",91.95981192542514,8.016795714519631,0.023392360055205952,0.0
"(19.85, 19.95]",92.31323929604591,7.67506452392648,0.011696180027602754,0.0
"(19.95, 20.05]",92.66666666666666,7.333333333333333,0.0,450.0
"(20.05, ∞)",95.0,5.0,0.0,101.0
