Interval,WinningChance,DrawingChance,LosingChance,TotalGames
"(-∞, -20.05]",1.6884143930407276,1.376037959667853,96.93554764729141,1241.0
"(-20.05, -19.95]",1.6884143930407276,1.376037959667853,96.93554764729141,25290.0
"(-19.95, -19.85]",1.678847184952288,1.3706357706910517,96.95051704435666,1.0
"(-19.85, -19.75]",1.6692799768638487,1.3652335817142507,96.9654864414219,0.0
"(-19.75, -19.65]",1.6597127687754092,1.3598313927374495,96.98045583848713,1.0
"(-19.65, -19.55]",1.6501455606869695,1.3544292037606482,96.99542523555237,0.0
"(-19.55, -19.45]",1.6405783525985302,1.3490270147838472,97.01039463261762,1.0
"(-19.45, -19.35]",1.6310111445100905,1.343624825807046,97.02536402968286,0.0
"(-19.35, -19.25]",1.6214439364216513,1.338222636830245,97.0403334267481,2.0
"(-19.25, -19.15]",1.6118767283332118,1.3328204478534438,97.05530282381334,0.0
"(-19.15, -19.05]",1.6023095202447721,1.3274182588766426,97.07027222087858,1.0
"(-19.05, -18.95]",1.5927423121563329,1.3220160698998416,97.08524161794382,0.0
"(-18.95, -18.85]",1.5831751040678932,1.3166138809230403,97.10021101500907,2.0
"(-18.85, -18.75]",1.573607895979454,1.311211691946239,97.11518041207431,1.0
"(-18.75, -18.65]",1.5640406878910142,1.3058095029694379,97.13014980913954,0.0
"(-18.65, -18.55]",1.5544734798025748,1.3004073139926366,97.14511920620478,2.0
"(-18.55, -18.45]",1.5449062717141355,1.2950051250158356,97.16008860327003,1.0
"(-18.45, -18.35]",1.5353390636256958,1.2896029360390344,97.17505800033527,0.0
"(-18.35, -18.25]",1.5257718555372566,1.2842007470622334,97.19002739740051,1.0
"(-18.25, -18.15]",1.516204647448817,1.2787985580854322,97.20499679446574,0.0
"(-18.15, -18.05]",1.5066374393603774,1.273396369108631,97.21996619153099,1.0
"(-18.05, -17.95]",1.4970702312719382,1.26799418013183,97.23493558859623,1.0
"(-17.95, -17.85]",1.4875030231834985,1.2625919911550287,97.24990498566147,2.0
"(-17.85, -17.75]",1.4779358150950592,1.2571898021782277,97.26487438272672,1.0
"(-17.75, -17.65]",1.4683686070066195,1.2517876132014265,97.27984377979195,1.0
"(-17.65, -17.55]",1.45880139891818,1.2463854242246253,97.29481317685719,4.0
"(-17.55, -17.45]",1.4492341908297406,1.2409832352478243,97.30978257392243,3.0
"(-17.45, -17.35]",1.4396669827413011,1.235581046271023,97.32475197098768,2.0
"(-17.35, -17.25]",1.4300997746528619,1.230178857294222,97.33972136805292,3.0
"(-17.25, -17.15]",1.4205325665644222,1.2247766683174208,97.35469076511815,4.0
"(-17.15, -17.05]",1.4109653584759827,1.2193744793406196,97.3696601621834,4.0
"(-17.05, -16.95]",1.4013981503875432,1.2139722903638186,97.38462955924864,5.0
"(-16.95, -16.85]",1.3918309422991038,1.2085701013870174,97.39959895631388,2.0
"(-16.85, -16.75]",1.3822637342106645,1.2031679124102164,97.41456835337912,4.0
"(-16.75, -16.65]",1.3726965261222248,1.197765723433415,97.42953775044435,1.0
"(-16.65, -16.55]",1.3631293180337853,1.192363534456614,97.4445071475096,7.0
"(-16.55, -16.45]",1.3535621099453459,1.1869613454798127,97.45947654457484,6.0
"(-16.45, -16.35]",1.3439949018569064,1.1815591565030115,97.47444594164008,6.0
"(-16.35, -16.25]",1.334427693768467,1.1761569675262105,97.48941533870533,4.0
"(-16.25, -16.15]",1.3248604856800275,1.1707547785494092,97.50438473577056,2.0
"(-16.15, -16.05]",1.3152932775915878,1.165352589572608,97.5193541328358,6.0
"(-16.05, -15.95]",1.3057260695031485,1.159950400595807,97.53432352990104,6.0
"(-15.95, -15.85]",1.296158861414709,1.1545482116190058,97.54929292696629,7.0
"(-15.85, -15.75]",1.2865916533262696,1.1491460226422048,97.56426232403153,11.0
"(-15.75, -15.65]",1.27702444523783,1.1437438336654036,97.57923172109676,10.0
"(-15.65, -15.55]",1.2674572371493906,1.1383416446886025,97.594201118162,5.0
"(-15.55, -15.45]",1.2578900290609512,1.1329394557118013,97.60917051522725,14.0
"(-15.45, -15.35]",1.2483228209725117,1.127537266735,97.62413991229249,12.0
"(-15.35, -15.25]",1.2387556128840722,1.1221350777581989,97.63910930935774,14.0
"(-15.25, -15.15]",1.2291884047956327,1.1167328887813979,97.65407870642296,13.0
"(-15.15, -15.05]",1.2196211967071933,1.1113306998045966,97.66904810348821,12.0
"(-15.05, -14.95]",1.2100539886187538,1.1059285108277956,97.68401750055345,23.0
"(-14.95, -14.85]",1.2004867805303143,1.1005263218509944,97.6989868976187,27.0
"(-14.85, -14.75]",1.1909195724418749,1.0951241328741932,97.71395629468394,18.0
"(-14.75, -14.65]",1.1813523643534354,1.0897219438973922,97.72892569174917,16.0
"(-14.65, -14.55]",1.171785156264996,1.084319754920591,97.74389508881441,23.0
"(-14.55, -14.45]",1.1622179481765564,1.0789175659437897,97.75886448587966,25.0
"(-14.45, -14.35]",1.152650740088117,1.0735153769669887,97.7738338829449,27.0
"(-14.35, -14.25]",1.1430835319996775,1.0681131879901875,97.78880328001014,37.0
"(-14.25, -14.15]",1.133516323911238,1.0627109990133863,97.80377267707537,32.0
"(-14.15, -14.05]",1.1239491158227986,1.0573088100365853,97.81874207414062,27.0
"(-14.05, -13.95]",1.114381907734359,1.051906621059784,97.83371147120586,37.0
"(-13.95, -13.85]",1.1048146996459194,1.0465044320829828,97.8486808682711,36.0
"(-13.85, -13.75]",1.0952474915574801,1.0411022431061818,97.86365026533635,31.0
"(-13.75, -13.65]",1.0856802834690407,1.0357000541293806,97.87861966240158,50.0
"(-13.65, -13.55]",1.0761130753806012,1.0302978651525794,97.89358905946682,48.0
"(-13.55, -13.45]",1.0665458672921617,1.0248956761757784,97.90855845653206,50.0
"(-13.45, -13.35]",1.056978659203722,1.0194934871989771,97.9235278535973,48.0
"(-13.35, -13.25]",1.0474114511152828,1.014091298222176,97.93849725066255,58.0
"(-13.25, -13.15]",1.0378442430268433,1.008689109245375,97.95346664772778,62.0
"(-13.15, -13.05]",1.0282770349384038,1.0032869202685737,97.96843604479302,61.0
"(-13.05, -12.95]",1.0187098268499644,0.9978847312917727,97.98340544185827,98.0
"(-12.95, -12.85]",1.0091426187615247,0.9924825423149715,97.99837483892351,88.0
"(-12.85, -12.75]",0.9995754106730852,0.9870803533381702,98.01334423598875,66.0
"(-12.75, -12.65]",0.9900082025846458,0.9816781643613691,98.02831363305398,89.0
"(-12.65, -12.55]",0.9804409944962064,0.976275975384568,98.04328303011923,91.0
"(-12.55, -12.45]",0.9708737864077669,0.9708737864077669,98.05825242718447,103.0
"(-12.45, -12.35]",2.380952380952381,1.5873015873015872,96.03174603174604,126.0
"(-12.35, -12.25]",5.660377358490567,0.9433962264150944,93.39622641509435,106.0
"(-12.25, -12.15]",1.694915254237288,3.389830508474576,94.91525423728814,118.0
"(-12.15, -12.05]",3.875968992248062,0.0,96.12403100775194,129.0
"(-12.05, -11.95]",1.6666666666666667,0.8333333333333334,97.5,120.0
"(-11.95, -11.85]",2.3529411764705883,0.0,97.6470588235294,170.0
"(-11.85, -11.75]",0.8064516129032258,0.0,99.19354838709677,124.0
"(-11.75, -11.65]",0.6756756756756757,0.6756756756756757,98.64864864864865,148.0
"(-11.65, -11.55]",2.941176470588235,2.2058823529411766,94.85294117647058,136.0
"(-11.55, -11.45]",3.5294117647058822,1.1764705882352942,95.29411764705881,170.0
"(-11.45, -11.35]",2.2346368715083798,1.675977653631285,96.08938547486034,179.0
"(-11.35, -11.25]",1.0752688172043012,2.1505376344086025,96.7741935483871,186.0
"(-11.25, -11.15]",2.030456852791878,2.5380710659898478,95.43147208121827,197.0
"(-11.15, -11.05]",0.49261083743842365,2.955665024630542,96.55172413793103,203.0
"(-11.05, -10.95]",1.7937219730941705,1.345291479820628,96.8609865470852,223.0
"(-10.95, -10.85]",1.2552301255230125,3.765690376569038,94.97907949790795,239.0
"(-10.85, -10.75]",2.2058823529411766,2.2058823529411766,95.58823529411765,272.0
"(-10.75, -10.65]",0.33333333333333337,2.0,97.66666666666667,300.0
"(-10.65, -10.55]",1.2461059190031152,1.2461059190031152,97.50778816199377,321.0
"(-10.55, -10.45]",0.964630225080386,0.964630225080386,98.07073954983923,311.0
"(-10.45, -10.35]",1.9283746556473829,1.9283746556473829,96.14325068870524,363.0
"(-10.35, -10.25]",1.550387596899225,1.03359173126615,97.41602067183463,387.0
"(-10.25, -10.15]",1.0554089709762533,1.8469656992084433,97.0976253298153,379.0
"(-10.15, -10.05]",2.2900763358778624,2.2900763358778624,95.41984732824427,393.0
"(-10.05, -9.95]",2.9166666666666665,1.875,95.20833333333333,480.0
"(-9.95, -9.85]",1.5418502202643172,1.3215859030837005,97.13656387665198,454.0
"(-9.85, -9.75]",2.4242424242424243,0.40404040404040403,97.17171717171718,495.0
"(-9.75, -9.65]",1.0204081632653061,1.4285714285714286,97.55102040816327,490.0
"(-9.65, -9.55]",1.0309278350515463,1.202749140893471,97.76632302405498,582.0
"(-9.55, -9.45]",2.9259896729776247,2.5817555938037864,94.49225473321859,581.0
"(-9.45, -9.35]",1.1477761836441895,1.8651362984218076,96.987087517934,697.0
"(-9.35, -9.25]",2.4566473988439306,1.8786127167630058,95.66473988439307,692.0
"(-9.25, -9.15]",1.2738853503184715,2.1656050955414012,96.56050955414013,785.0
"(-9.15, -9.05]",1.5950920245398774,1.2269938650306749,97.17791411042946,815.0
"(-9.05, -8.95]",1.7391304347826086,1.7391304347826086,96.52173913043478,920.0
"(-8.95, -8.85]",1.7804154302670623,1.6815034619188922,96.53808110781405,1011.0
"(-8.85, -8.75]",2.838827838827839,2.0146520146520146,95.14652014652015,1092.0
"(-8.75, -8.65]",2.559576345984113,0.9708737864077669,96.46954986760812,1133.0
"(-8.65, -8.55]",1.9851116625310175,1.9851116625310175,96.02977667493796,1209.0
"(-8.55, -8.45]",2.156549520766773,1.4376996805111821,96.40575079872204,1252.0
"(-8.45, -8.35]",1.5492957746478873,2.112676056338028,96.3380281690141,1420.0
"(-8.35, -8.25]",1.929260450160772,2.3794212218649515,95.69131832797427,1555.0
"(-8.25, -8.15]",1.6870273414776031,1.6870273414776031,96.6259453170448,1719.0
"(-8.15, -8.05]",2.1393307734503564,1.7004936917169502,96.16017553483269,1823.0
"(-8.05, -7.95]",1.962809917355372,2.169421487603306,95.86776859504133,1936.0
"(-7.95, -7.85]",1.8018018018018018,1.9019019019019021,96.29629629629629,1998.0
"(-7.85, -7.75]",1.5916325602546613,2.046384720327422,96.36198271941791,2199.0
"(-7.75, -7.65]",1.6459074733096084,2.224199288256228,96.12989323843416,2248.0
"(-7.65, -7.55]",1.8898931799506986,1.8898931799506986,96.2202136400986,2434.0
"(-7.55, -7.45]",1.7647058823529411,2.156862745098039,96.07843137254902,2550.0
"(-7.45, -7.35]",1.9338043882484195,1.5247303830420231,96.54146522870955,2689.0
"(-7.35, -7.25]",1.6359918200409,1.738241308793456,96.62576687116564,2934.0
"(-7.25, -7.15]",1.2524084778420037,1.9267822736030826,96.82080924855492,3114.0
"(-7.15, -7.05]",1.8374338212394894,1.5882902522578637,96.57427592650265,3211.0
"(-7.05, -6.95]",1.9591141396933562,1.6751845542305508,96.36570130607609,3522.0
"(-6.95, -6.85]",2.0164725930133485,1.7040613462084635,96.27946606077819,3521.0
"(-6.85, -6.75]",1.5799708313077296,1.7744287797763734,96.6456003889159,4114.0
"(-6.75, -6.65]",2.1714797403178867,2.3057980747705398,95.52272218491157,4467.0
"(-6.65, -6.55]",1.8964415086298745,2.301299808225016,95.80225868314511,4693.0
"(-6.55, -6.45]",1.7572537801389458,2.1454842664487126,96.09726195341234,4894.0
"(-6.45, -6.35]",2.004199274670739,2.0614621110899027,95.93433861423935,5239.0
"(-6.35, -6.25]",2.2057494124028203,2.350388718134153,95.44386186946303,5531.0
"(-6.25, -6.15]",2.3752151462994835,2.2547332185886404,95.37005163511188,5810.0
"(-6.15, -6.05]",2.4035317200784827,2.027468933943754,95.56899934597777,6116.0
"(-6.05, -5.95]",2.2001527883880825,2.3834988540870894,95.41634835752483,6545.0
"(-5.95, -5.85]",2.1013080990815474,2.2126356804898415,95.68605622042861,7186.0
"(-5.85, -5.75]",2.442261746748075,2.4820812317494028,95.07565702150252,7534.0
"(-5.75, -5.65]",2.6556218784261176,2.5703496162748203,94.77402850529906,8209.0
"(-5.65, -5.55]",2.7777777777777777,2.92022792022792,94.30199430199431,8424.0
"(-5.55, -5.45]",2.788311398616998,3.3236671871514614,93.88802141423153,8966.0
"(-5.45, -5.35]",3.0866807610993656,3.0232558139534884,93.89006342494714,9460.0
"(-5.35, -5.25]",3.1791318524556758,3.0670470756062764,93.75382107193805,9814.0
"(-5.25, -5.15]",3.1976185903591317,3.2744382561935854,93.52794315344728,10414.0
"(-5.15, -5.05]",3.521966431257452,3.622856094652848,92.8551774740897,10903.0
"(-5.05, -4.95]",2.8446185413169185,4.290244357396008,92.86513710128708,10722.0
"(-4.95, -4.85]",3.1684981684981683,4.175824175824175,92.65567765567766,10920.0
"(-4.85, -4.75]",3.592276605298608,4.643017512348451,91.76470588235294,11135.0
"(-4.75, -4.65]",3.6593003489308398,4.947660373982285,91.39303927708687,11177.0
"(-4.65, -4.55]",4.351251969882682,5.016634564874803,90.63211346524251,11422.0
"(-4.55, -4.45]",4.148898365316276,5.694740582800285,90.15636105188344,11256.0
"(-4.45, -4.35]",4.443651289372713,5.951637369501205,89.60471134112609,11207.0
"(-4.35, -4.25]",4.708181575908324,5.978502265257173,89.3133161588345,11257.0
"(-4.25, -4.15]",4.631465128852046,6.911155163092449,88.45737970805551,11098.0
"(-4.15, -4.05]",5.157487566771044,6.916559219009026,87.92595321421993,10858.0
"(-4.05, -3.95]",5.016660496112551,8.154387263976306,86.82895223991113,10804.0
"(-3.95, -3.85]",5.19430917597632,8.60307457271078,86.2026162513129,10473.0
"(-3.85, -3.75]",5.856374807987711,8.170122887864824,85.97350230414746,10416.0
"(-3.75, -3.65]",6.964677709040112,9.22969467172221,83.80562761923768,10022.0
"(-3.65, -3.55]",6.461938581574472,9.202760828248474,84.33530059017706,9997.0
"(-3.55, -3.45]",6.486985037917606,9.81758557081369,83.6954293912687,9758.0
"(-3.45, -3.35]",6.572219855134214,10.8010225820196,82.6267575628462,9388.0
"(-3.35, -3.25]",7.063315303849825,11.167674196627427,81.76901049952275,9429.0
"(-3.25, -3.15]",7.516090323988219,11.835933238791316,80.64797643722046,9167.0
"(-3.15, -3.05]",8.107505297200849,12.50139400022304,79.39110070257611,8967.0
"(-3.05, -2.95]",7.452004998296036,13.13188685675338,79.41610814495058,8803.0
"(-2.95, -2.85]",7.37290085116172,14.676788589832068,77.95031055900621,8694.0
"(-2.85, -2.75]",7.594216099282705,14.619150631902539,77.78663326881475,8783.0
"(-2.75, -2.65]",8.400336013440537,15.240609624384977,76.35905436217449,8333.0
"(-2.65, -2.55]",8.460505432792088,16.68904895617141,74.85044561103649,8191.0
"(-2.55, -2.45]",9.14257474672597,17.07437608104769,73.78304917222634,8094.0
"(-2.45, -2.35]",10.033924843423799,17.575678496868477,72.39039665970772,7664.0
"(-2.35, -2.25]",9.906847935548841,17.963242698892245,72.1299093655589,7944.0
"(-2.25, -2.15]",9.676601141407737,18.287888395688014,72.03551046290426,7885.0
"(-2.15, -2.05]",10.796948974224092,19.726459758022095,69.47659126775382,7604.0
"(-2.05, -1.95]",10.592225410905295,19.24080354813462,70.16697104096008,7666.0
"(-1.95, -1.85]",10.666666666666668,19.986531986531986,69.34680134680134,7425.0
"(-1.85, -1.75]",11.022016852405544,21.8129926610492,67.16499048654526,7358.0
"(-1.75, -1.65]",11.914142100258116,22.741475343024046,65.34438255671785,7361.0
"(-1.65, -1.55]",11.83705859013358,24.388308424811534,63.77463298505489,7561.0
"(-1.55, -1.45]",12.472885032537961,24.823752711496745,62.70336225596529,7376.0
"(-1.45, -1.35]",11.895910780669144,26.938396176314395,61.16569304301647,7532.0
"(-1.35, -1.25]",12.977585328578705,26.93581253183902,60.08660213958227,7852.0
"(-1.25, -1.15]",13.093289689034371,28.137983129799828,58.7687271811658,7943.0
"(-1.15, -1.05]",13.184079601990051,29.067164179104477,57.74875621890547,8040.0
"(-1.05, -0.95]",13.612879971164244,29.796948215787577,56.59017181304819,8323.0
"(-0.95, -0.85]",13.96567097637093,30.160499331252787,55.87382969237629,8972.0
"(-0.85, -0.75]",14.217809232069293,32.73476286046266,53.04742790746805,9467.0
"(-0.75, -0.65]",14.173939211555822,34.807904503962284,51.0181562844819,9969.0
"(-0.65, -0.55]",14.848376099048984,36.102637717566836,49.04898618338417,11146.0
"(-0.55, -0.45]",14.359939759036145,37.50753012048193,48.132530120481924,13280.0
"(-0.45, -0.35]",14.189584552369809,40.36278525453481,45.44763019309538,17090.0
"(-0.35, -0.25]",13.379914066578324,45.24354495442316,41.37654097899851,24903.0
"(-0.25, -0.15]",12.839867901571772,50.35880118193331,36.801330916494926,40273.0
"(-0.15, -0.05]",13.364826786010278,56.9202718382231,29.714901375766615,60330.0
"(-0.05, 0.05]",18.32488673598101,64.54817546033334,17.126937803685653,267958.0
"(0.05, 0.15]",30.40075634224487,56.883239665948835,12.716003991806293,57117.0
"(0.15, 0.25]",37.551218460211345,50.12400258788009,12.324778951908561,37096.0
"(0.25, 0.35]",41.84420772303595,44.97752996005326,13.178262316910786,24032.0
"(0.35, 0.45]",44.59938278660419,42.21625328608984,13.184363927305979,17498.0
"(0.45, 0.55]",47.708016510971106,38.43145774494894,13.860525744079949,13809.0
"(0.55, 0.65]",49.22020681471436,37.913205628072554,12.866587557213089,11798.0
"(0.65, 0.75]",52.39967090227626,34.55526099277813,13.045068104945607,10939.0
"(0.75, 0.85]",54.02287517254979,32.89292052849537,13.084204298954841,10142.0
"(0.85, 0.95]",55.0512900217594,32.24536317480054,12.703346803440057,9651.0
"(0.95, 1.05]",55.76263924592973,31.962296486718078,12.275064267352185,9336.0
"(1.05, 1.15]",57.961855321069855,30.143324681187224,11.894819997742918,8861.0
"(1.15, 1.25]",59.32953090443487,29.146781515539516,11.523687580025609,8591.0
"(1.25, 1.35]",58.802367413252874,29.15167691772079,12.045955669026345,8617.0
"(1.35, 1.45]",62.43959929286977,26.35238656452563,11.208014142604595,8485.0
"(1.45, 1.55]",62.68873052301003,25.40161855296533,11.90965092402464,8279.0
"(1.55, 1.65]",65.2044343783526,24.126832757182022,10.668732864465373,8389.0
"(1.65, 1.75]",65.52424170050155,23.823740148077384,10.652018151421066,8374.0
"(1.75, 1.85]",66.29159104658197,23.08529945553539,10.623109497882638,8265.0
"(1.85, 1.95]",67.86093105480259,21.744254566882734,10.394814378314674,8485.0
"(1.95, 2.05]",69.01245962159668,20.835256114443933,10.152284263959391,8668.0
"(2.05, 2.15]",70.54952666820596,19.57977372431309,9.870699607480951,8662.0
"(2.15, 2.25]",71.76778004998864,19.052488070892977,9.179731879118382,8802.0
"(2.25, 2.35]",72.77534030824614,17.752278096523792,9.47238159523006,8889.0
"(2.35, 2.45]",73.62527716186253,17.560975609756095,8.813747228381374,9020.0
"(2.45, 2.55]",74.29896224332082,17.100905277103113,8.600132479576066,9058.0
"(2.55, 2.65]",77.0597046864969,14.861973036593195,8.078322276909908,9346.0
"(2.65, 2.75]",76.7527287993283,15.008396305625524,8.238874895046179,9528.0
"(2.75, 2.85]",78.10711365494684,14.247751430907604,7.645134914145543,9784.0
"(2.85, 2.95]",78.99455974209147,13.509973806165625,7.495466451742898,9926.0
"(2.95, 3.05]",79.52842441802377,13.108202617644121,7.363372964332101,10009.0
"(3.05, 3.15]",80.13745704467354,12.812960235640647,7.049582719685812,10185.0
"(3.15, 3.25]",81.20740954026297,12.141280353200882,6.651310106536136,10419.0
"(3.25, 3.35]",82.56419628986566,10.792287306954217,6.643516403180115,10943.0
"(3.35, 3.45]",83.81508245321476,10.570687418936446,5.614230127848805,10794.0
"(3.45, 3.55]",84.67166805594147,9.548948782069093,5.779383161989442,10797.0
"(3.55, 3.65]",85.07502679528403,9.18185066095034,5.74312254376563,11196.0
"(3.65, 3.75]",85.81850533807828,8.158362989323843,6.023131672597865,11240.0
"(3.75, 3.85]",86.54874892148405,8.2053494391717,5.245901639344262,11590.0
"(3.85, 3.95]",86.70984455958549,7.875647668393783,5.414507772020725,11580.0
"(3.95, 4.05]",87.83615019565399,7.235034551660978,4.928815252685038,12011.0
"(4.05, 4.15]",88.48045344669501,6.693340001667083,4.82620655163791,11997.0
"(4.15, 4.25]",88.81789137380191,6.8649135741787495,4.317195052019334,12207.0
"(4.25, 4.35]",89.64823311599453,6.254527891813572,4.097238992191902,12423.0
"(4.35, 4.45]",90.40484539368823,5.347465731590692,4.247688874721072,12548.0
"(4.45, 4.55]",91.32343550446998,4.924968071519795,3.7515964240102173,12528.0
"(4.55, 4.65]",91.6999201915403,4.581005586592179,3.719074221867518,12530.0
"(4.65, 4.75]",91.40449438202248,4.943820224719101,3.651685393258427,12460.0
"(4.75, 4.85]",92.10526315789474,4.399543751018413,3.4951930910868505,12274.0
"(4.85, 4.95]",93.24203146653623,3.6602266242765142,3.09774190918725,12267.0
"(4.95, 5.05]",93.3252427184466,3.6245954692556634,3.0501618122977345,12360.0
"(5.05, 5.15]",93.46802499785977,3.5185343720571867,3.013440630083041,11681.0
"(5.15, 5.25]",93.18598759500306,3.5118371625753473,3.302175242421595,11447.0
"(5.25, 5.35]",93.80222201818015,3.544210816270315,2.6535671655495365,10891.0
"(5.35, 5.45]",94.39671273813971,3.035113933507658,2.568173328352634,10708.0
"(5.45, 5.55]",94.66797835710771,2.734874569601574,2.5971470732907034,10165.0
"(5.55, 5.65]",94.75901757270579,2.9801664782653376,2.260815949028877,9731.0
"(5.65, 5.75]",95.33260632497273,2.5517993456924755,2.115594329334787,9170.0
"(5.75, 5.85]",95.15151515151516,2.7094474153297683,2.13903743315508,8415.0
"(5.85, 5.95]",95.81431738166644,2.1124005737384275,2.0732820445951234,7669.0
"(5.95, 6.05]",96.04417109309477,2.138663684651943,1.817165222253285,7154.0
"(6.05, 6.15]",95.18763796909492,2.251655629139073,2.5607064017660046,6795.0
"(6.15, 6.25]",95.56107403383517,2.281545863728077,2.157380102436753,6443.0
"(6.25, 6.35]",95.91200131341323,1.9701198489574783,2.1178788376292887,6091.0
"(6.35, 6.45]",95.95925297113752,1.8675721561969438,2.173174872665535,5890.0
"(6.45, 6.55]",96.15037050424723,2.2049521055485273,1.6446773902042293,5533.0
"(6.55, 6.65]",96.78419217357613,1.4916698953893839,1.7241379310344827,5162.0
"(6.65, 6.75]",96.32797830168997,1.7316920509075735,1.9403296474024618,4793.0
"(6.75, 6.85]",96.38443935926773,1.4874141876430207,2.128146453089245,4370.0
"(6.85, 6.95]",96.97043733203029,1.4903493769850964,1.539213290984608,4093.0
"(6.95, 7.05]",96.69574411842453,1.8503832936822628,1.4538725878932064,3783.0
"(7.05, 7.15]",96.21023513139696,1.9640387275242046,1.8257261410788383,3615.0
"(7.15, 7.25]",96.69811320754717,1.3266509433962264,1.9752358490566038,3392.0
"(7.25, 7.35]",96.51015228426397,1.681472081218274,1.8083756345177664,3152.0
"(7.35, 7.45]",97.11251244606704,1.4603385330235645,1.4271490209093927,3013.0
"(7.45, 7.55]",97.0040189989039,1.680672268907563,1.3153087321885275,2737.0
"(7.55, 7.65]",96.51335311572701,1.891691394658754,1.5949554896142433,2696.0
"(7.65, 7.75]",96.78861788617887,1.5447154471544715,1.6666666666666667,2460.0
"(7.75, 7.85]",96.99869508481949,1.2179208351457156,1.783384080034798,2299.0
"(7.85, 7.95]",96.55013799448022,1.8859245630174795,1.5639374425023,2174.0
"(7.95, 8.05]",96.98149951314508,1.5092502434274586,1.5092502434274586,2054.0
"(8.05, 8.15]",96.89251146204788,1.8848700967906264,1.2226184411614875,1963.0
"(8.15, 8.25]",97.86066922654965,1.151947339550192,0.9873834339001646,1823.0
"(8.25, 8.35]",97.35935706084959,1.4925373134328357,1.1481056257175661,1742.0
"(8.35, 8.45]",97.6875,1.125,1.1875,1600.0
"(8.45, 8.55]",96.95712309820193,1.1756569847856155,1.8672199170124482,1446.0
"(8.55, 8.65]",97.06314243759178,1.3950073421439062,1.5418502202643172,1362.0
"(8.65, 8.75]",97.65372168284789,1.132686084142395,1.2135922330097086,1236.0
"(8.75, 8.85]",97.19626168224299,1.1045029736618521,1.6992353440951573,1177.0
"(8.85, 8.95]",97.6547842401501,1.5009380863039399,0.8442776735459663,1066.0
"(8.95, 9.05]",97.51984126984127,0.7936507936507936,1.6865079365079365,1008.0
"(9.05, 9.15]",97.46300211416491,1.3742071881606766,1.1627906976744187,946.0
"(9.15, 9.25]",96.83257918552036,1.583710407239819,1.583710407239819,884.0
"(9.25, 9.35]",97.21900347624566,0.8111239860950173,1.9698725376593278,863.0
"(9.35, 9.45]",97.17912552891397,0.7052186177715092,2.1156558533145273,709.0
"(9.45, 9.55]",96.47779479326188,1.5313935681470139,1.9908116385911179,653.0
"(9.55, 9.65]",97.03125,1.40625,1.5625,640.0
"(9.65, 9.75]",97.12837837837837,0.6756756756756757,2.195945945945946,592.0
"(9.75, 9.85]",98.4251968503937,0.7874015748031495,0.7874015748031495,508.0
"(9.85, 9.95]",97.94392523364486,0.9345794392523363,1.1214953271028036,535.0
"(9.95, 10.05]",97.11934156378601,1.02880658436214,1.8518518518518516,486.0
"(10.05, 10.15]",97.89719626168224,0.9345794392523363,1.1682242990654206,428.0
"(10.15, 10.25]",95.86206896551724,1.6091954022988506,2.528735632183908,435.0
"(10.25, 10.35]",97.44245524296676,1.0230179028132993,1.5345268542199488,391.0
"(10.35, 10.45]",94.60154241645245,3.3419023136246784,2.056555269922879,389.0
"(10.45, 10.55]",97.2972972972973,1.6216216216216217,1.0810810810810811,370.0
"(10.55, 10.65]",96.58119658119658,1.9943019943019942,1.4245014245014245,351.0
"(10.65, 10.75]",94.13793103448276,2.7586206896551726,3.103448275862069,290.0
"(10.75, 10.85]",98.3108108108108,0.6756756756756757,1.0135135135135136,296.0
"(10.85, 10.95]",97.74436090225564,1.1278195488721803,1.1278195488721803,266.0
"(10.95, 11.05]",96.1038961038961,1.7316017316017316,2.1645021645021645,231.0
"(11.05, 11.15]",97.6958525345622,1.8433179723502304,0.4608294930875576,217.0
"(11.15, 11.25]",97.96954314720813,0.5076142131979695,1.5228426395939088,197.0
"(11.25, 11.35]",99.03846153846155,0.4807692307692308,0.4807692307692308,208.0
"(11.35, 11.45]",98.11320754716981,1.4150943396226416,0.4716981132075472,212.0
"(11.45, 11.55]",98.83720930232558,0.5813953488372093,0.5813953488372093,172.0
"(11.55, 11.65]",97.1590909090909,2.840909090909091,0.0,176.0
"(11.65, 11.75]",97.88732394366197,0.7042253521126761,1.4084507042253522,142.0
"(11.75, 11.85]",100.0,0.0,0.0,157.0
"(11.85, 11.95]",97.6923076923077,0.0,2.307692307692308,130.0
"(11.95, 12.05]",100.0,0.0,0.0,119.0
"(12.05, 12.15]",95.71428571428572,2.142857142857143,2.142857142857143,140.0
"(12.15, 12.25]",96.69421487603306,1.6528925619834711,1.6528925619834711,121.0
"(12.25, 12.35]",96.06299212598425,2.3622047244094486,1.574803149606299,127.0
"(12.35, 12.45]",98.0392156862745,1.9607843137254901,0.0,102.0
"(12.45, 12.55]",96.19047619047619,0.9523809523809524,2.857142857142857,105.0
"(12.55, 12.65]",97.2972972972973,0.9009009009009009,1.8018018018018018,111.0
"(12.65, 12.75]",97.2968474932718,0.9068641710354219,1.7962883356927843,89.0
"(12.75, 12.85]",97.29639768924629,0.912827441169943,1.790774869583767,83.0
"(12.85, 12.95]",97.2959478852208,0.918790711304464,1.7852614034747496,93.0
"(12.95, 13.05]",97.29549808119529,0.9247539814389849,1.7797479373657323,68.0
"(13.05, 13.15]",97.29504827716978,0.930717251573506,1.7742344712567149,83.0
"(13.15, 13.25]",97.29459847314428,0.9366805217080271,1.7687210051476974,59.0
"(13.25, 13.35]",97.29414866911878,0.9426437918425481,1.7632075390386799,52.0
"(13.35, 13.45]",97.29369886509328,0.9486070619770691,1.7576940729296626,60.0
"(13.45, 13.55]",97.29324906106777,0.9545703321115901,1.7521806068206451,53.0
"(13.55, 13.65]",97.29279925704226,0.9605336022461113,1.7466671407116277,50.0
"(13.65, 13.75]",97.29234945301677,0.9664968723806322,1.7411536746026104,44.0
"(13.75, 13.85]",97.29189964899126,0.9724601425151532,1.735640208493593,46.0
"(13.85, 13.95]",97.29144984496575,0.9784234126496743,1.7301267423845754,46.0
"(13.95, 14.05]",97.29100004094025,0.9843866827841953,1.7246132762755582,31.0
"(14.05, 14.15]",97.29055023691475,0.9903499529187164,1.7190998101665407,21.0
"(14.15, 14.25]",97.29010043288925,0.9963132230532374,1.7135863440575232,28.0
"(14.25, 14.35]",97.28965062886374,1.0022764931877584,1.708072877948506,28.0
"(14.35, 14.45]",97.28920082483823,1.0082397633222795,1.7025594118394884,23.0
"(14.45, 14.55]",97.28875102081274,1.0142030334568004,1.697045945730471,20.0
"(14.55, 14.65]",97.28830121678723,1.0201663035913215,1.6915324796214535,26.0
"(14.65, 14.75]",97.28785141276173,1.0261295737258425,1.6860190135124362,14.0
"(14.75, 14.85]",97.28740160873622,1.0320928438603636,1.6805055474034187,34.0
"(14.85, 14.95]",97.28695180471072,1.0380561139948845,1.6749920812944015,17.0
"(14.95, 15.05]",97.28650200068522,1.0440193841294056,1.669478615185384,11.0
"(15.05, 15.15]",97.28605219665971,1.0499826542639268,1.6639651490763665,10.0
"(15.15, 15.25]",97.2856023926342,1.0559459243984477,1.658451682967349,16.0
"(15.25, 15.35]",97.28515258860871,1.0619091945329688,1.6529382168583318,20.0
"(15.35, 15.45]",97.2847027845832,1.0678724646674898,1.6474247507493143,16.0
"(15.45, 15.55]",97.2842529805577,1.0738357348020107,1.641911284640297,14.0
"(15.55, 15.65]",97.28380317653219,1.0797990049365318,1.6363978185312793,9.0
"(15.65, 15.75]",97.2833533725067,1.085762275071053,1.630884352422262,11.0
"(15.75, 15.85]",97.28290356848119,1.0917255452055739,1.6253708863132446,14.0
"(15.85, 15.95]",97.28245376445568,1.0976888153400948,1.6198574202042273,13.0
"(15.95, 16.05]",97.28200396043017,1.103652085474616,1.6143439540952098,16.0
"(16.05, 16.15]",97.28155415640468,1.109615355609137,1.6088304879861923,3.0
"(16.15, 16.25]",97.28110435237917,1.115578625743658,1.603317021877175,8.0
"(16.25, 16.35]",97.28065454835367,1.121541895878179,1.5978035557681576,7.0
"(16.35, 16.45]",97.28020474432816,1.1275051660127002,1.59229008965914,3.0
"(16.45, 16.55]",97.27975494030265,1.1334684361472211,1.5867766235501228,2.0
"(16.55, 16.65]",97.27930513627716,1.139431706281742,1.5812631574411053,4.0
"(16.65, 16.75]",97.27885533225165,1.145394976416263,1.575749691332088,2.0
"(16.75, 16.85]",97.27840552822614,1.1513582465507841,1.5702362252230706,7.0
"(16.85, 16.95]",97.27795572420064,1.1573215166853053,1.5647227591140531,7.0
"(16.95, 17.05]",97.27750592017514,1.1632847868198262,1.5592092930050356,6.0
"(17.05, 17.15]",97.27705611614964,1.1692480569543473,1.5536958268960182,2.0
"(17.15, 17.25]",97.27660631212413,1.1752113270888682,1.5481823607870009,4.0
"(17.25, 17.35]",97.27615650809862,1.1811745972233894,1.5426688946779834,3.0
"(17.35, 17.45]",97.27570670407313,1.1871378673579105,1.537155428568966,5.0
"(17.45, 17.55]",97.27525690004762,1.1931011374924314,1.5316419624599487,2.0
"(17.55, 17.65]",97.27480709602212,1.1990644076269525,1.5261284963509312,1.0
"(17.65, 17.75]",97.27435729199661,1.2050276777614735,1.520615030241914,2.0
"(17.75, 17.85]",97.27390748797112,1.2109909478959944,1.5151015641328964,5.0
"(17.85, 17.95]",97.27345768394561,1.2169542180305157,1.509588098023879,4.0
"(17.95, 18.05]",97.2730078799201,1.2229174881650366,1.5040746319148615,1.0
"(18.05, 18.15]",97.2725580758946,1.2288807582995576,1.4985611658058442,2.0
"(18.15, 18.25]",97.2721082718691,1.2348440284340785,1.493047699696827,0.0
"(18.25, 18.35]",97.2716584678436,1.2408072985685996,1.4875342335878092,0.0
"(18.35, 18.45]",97.27120866381809,1.2467705687031208,1.4820207674787917,2.0
"(18.45, 18.55]",97.27075885979258,1.2527338388376417,1.4765073013697745,2.0
"(18.55, 18.65]",97.27030905576709,1.2586971089721628,1.470993835260757,1.0
"(18.65, 18.75]",97.26985925174158,1.2646603791066837,1.4654803691517397,2.0
"(18.75, 18.85]",97.26940944771607,1.2706236492412049,1.4599669030427223,0.0
"(18.85, 18.95]",97.26895964369056,1.276586919375726,1.4544534369337048,2.0
"(18.95, 19.05]",97.26850983966507,1.282550189510247,1.4489399708246875,0.0
"(19.05, 19.15]",97.26806003563956,1.288513459644768,1.44342650471567,1.0
"(19.15, 19.25]",97.26761023161406,1.294476729779289,1.4379130386066525,0.0
"(19.25, 19.35]",97.26716042758855,1.3004399999138099,1.4323995724976353,3.0
"(19.35, 19.45]",97.26671062356306,1.3064032700483312,1.4268861063886176,2.0
"(19.45, 19.55]",97.26626081953755,1.312366540182852,1.4213726402796003,0.0
"(19.55, 19.65]",97.26581101551204,1.318329810317373,1.4158591741705828,1.0
"(19.65, 19.75]",97.26536121148654,1.324293080451894,1.4103457080615656,0.0
"(19.75, 19.85]",97.26491140746104,1.3302563505864151,1.404832241952548,1.0
"(19.85, 19.95]",97.26446160343554,1.3362196207209363,1.3993187758435306,1.0
"(19.95, 20.05]",97.26401179941003,1.3421828908554572,1.3938053097345133,27120.0
"(20.05, ∞)",98.02110817941953,1.2532981530343008,0.7255936675461742,1516.0
