Interval,WinningChance,DrawingChance,LosingChance,TotalGames
"(-∞, -20.05]",0.0,3.861003861003861,96.13899613899613,178.0
"(-20.05, -19.95]",0.0,3.861003861003861,96.13899613899613,1295.0
"(-19.95, -19.85]",0.03236245954692602,3.9258787219952276,96.04175881845784,0.0
"(-19.85, -19.75]",0.0647249190938509,3.990753582986592,95.94452149791955,0.0
"(-19.75, -19.65]",0.09708737864077692,4.055628443977959,95.84728417738125,0.0
"(-19.65, -19.55]",0.12944983818770295,4.120503304969326,95.75004685684297,0.0
"(-19.55, -19.45]",0.16181229773462782,4.18537816596069,95.65280953630467,0.0
"(-19.45, -19.35]",0.19417475728155384,4.250253026952056,95.55557221576639,0.0
"(-19.35, -19.25]",0.22653721682847872,4.315127887943421,95.45833489522809,0.0
"(-19.25, -19.15]",0.25889967637540473,4.380002748934788,95.36109757468981,0.0
"(-19.15, -19.05]",0.2912621359223308,4.444877609926155,95.26386025415151,0.0
"(-19.05, -18.95]",0.32362459546925565,4.509752470917519,95.16662293361323,0.0
"(-18.95, -18.85]",0.35598705501618166,4.574627331908886,95.06938561307493,0.0
"(-18.85, -18.75]",0.38834951456310657,4.639502192900251,94.97214829253664,0.0
"(-18.75, -18.65]",0.4207119741100326,4.704377053891617,94.87491097199835,0.0
"(-18.65, -18.55]",0.4530744336569586,4.769251914882984,94.77767365146005,0.0
"(-18.55, -18.45]",0.4854368932038835,4.834126775874348,94.68043633092176,0.0
"(-18.45, -18.35]",0.5177993527508095,4.899001636865715,94.58319901038347,0.0
"(-18.35, -18.25]",0.5501618122977344,4.96387649785708,94.48596168984518,0.0
"(-18.25, -18.15]",0.5825242718446604,5.028751358848447,94.38872436930689,0.0
"(-18.15, -18.05]",0.6148867313915864,5.0936262198398135,94.2914870487686,0.0
"(-18.05, -17.95]",0.6472491909385113,5.1585010808311775,94.1942497282303,0.0
"(-17.95, -17.85]",0.6796116504854374,5.223375941822544,94.09701240769202,0.0
"(-17.85, -17.75]",0.7119741100323622,5.288250802813909,93.99977508715372,0.0
"(-17.75, -17.65]",0.7443365695792882,5.353125663805276,93.90253776661544,0.0
"(-17.65, -17.55]",0.7766990291262142,5.418000524796643,93.80530044607714,0.0
"(-17.55, -17.45]",0.8090614886731391,5.482875385788007,93.70806312553884,0.0
"(-17.45, -17.35]",0.8414239482200652,5.547750246779374,93.61082580500056,0.0
"(-17.35, -17.25]",0.87378640776699,5.6126251077707385,93.51358848446226,0.0
"(-17.25, -17.15]",0.9061488673139161,5.677499968762105,93.41635116392398,0.0
"(-17.15, -17.05]",0.938511326860842,5.742374829753472,93.31911384338568,0.0
"(-17.05, -16.95]",0.970873786407767,5.807249690744836,93.2218765228474,0.0
"(-16.95, -16.85]",1.003236245954693,5.872124551736203,93.1246392023091,0.0
"(-16.85, -16.75]",1.0355987055016178,5.936999412727568,93.02740188177081,0.0
"(-16.75, -16.65]",1.0679611650485439,6.001874273718935,92.93016456123252,0.0
"(-16.65, -16.55]",1.10032362459547,6.066749134710301,92.83292724069423,0.0
"(-16.55, -16.45]",1.1326860841423947,6.131623995701665,92.73568992015593,1.0
"(-16.45, -16.35]",1.1650485436893208,6.196498856693032,92.63845259961764,0.0
"(-16.35, -16.25]",1.1974110032362457,6.261373717684396,92.54121527907935,0.0
"(-16.25, -16.15]",1.2297734627831718,6.326248578675763,92.44397795854105,1.0
"(-16.15, -16.05]",1.2621359223300976,6.39112343966713,92.34674063800277,0.0
"(-16.05, -15.95]",1.2944983818770226,6.455998300658495,92.24950331746447,0.0
"(-15.95, -15.85]",1.3268608414239487,6.520873161649861,92.15226599692619,0.0
"(-15.85, -15.75]",1.359223300970874,6.585748022641227,92.05502867638789,0.0
"(-15.75, -15.65]",1.3915857605177995,6.650622883632593,91.95779135584961,0.0
"(-15.65, -15.55]",1.4239482200647249,6.715497744623958,91.86055403531131,0.0
"(-15.55, -15.45]",1.4563106796116505,6.780372605615324,91.76331671477303,0.0
"(-15.45, -15.35]",1.4886731391585764,6.845247466606691,91.66607939423473,0.0
"(-15.35, -15.25]",1.521035598705502,6.910122327598057,91.56884207369644,0.0
"(-15.25, -15.15]",1.5533980582524274,6.9749971885894215,91.47160475315815,0.0
"(-15.15, -15.05]",1.5857605177993528,7.039872049580787,91.37436743261986,0.0
"(-15.05, -14.95]",1.6181229773462782,7.104746910572153,91.27713011208157,0.0
"(-14.95, -14.85]",1.6504854368932043,7.16962177156352,91.17989279154327,0.0
"(-14.85, -14.75]",1.6828478964401297,7.234496632554885,91.08265547100498,1.0
"(-14.75, -14.65]",1.715210355987055,7.299371493546252,90.98541815046669,3.0
"(-14.65, -14.55]",1.7475728155339807,7.364246354537617,90.8881808299284,0.0
"(-14.55, -14.45]",1.779935275080906,7.4291212155289825,90.7909435093901,0.0
"(-14.45, -14.35]",1.8122977346278322,7.493996076520349,90.69370618885182,1.0
"(-14.35, -14.25]",1.8446601941747576,7.558870937511715,90.59646886831352,0.0
"(-14.25, -14.15]",1.877022653721683,7.62374579850308,90.49923154777524,0.0
"(-14.15, -14.05]",1.9093851132686084,7.688620659494446,90.40199422723694,2.0
"(-14.05, -13.95]",1.941747572815534,7.753495520485812,90.30475690669866,0.0
"(-13.95, -13.85]",1.9741100323624599,7.8183703814771786,90.20751958616036,0.0
"(-13.85, -13.75]",2.0064724919093853,7.8832452424685435,90.11028226562206,1.0
"(-13.75, -13.65]",2.0388349514563107,7.94812010345991,90.01304494508378,1.0
"(-13.65, -13.55]",2.071197411003236,8.012994964451275,89.91580762454548,2.0
"(-13.55, -13.45]",2.103559870550162,8.07786982544264,89.8185703040072,3.0
"(-13.45, -13.35]",2.1359223300970878,8.142744686434007,89.7213329834689,1.0
"(-13.35, -13.25]",2.168284789644013,8.207619547425374,89.62409566293061,1.0
"(-13.25, -13.15]",2.2006472491909386,8.272494408416739,89.52685834239232,3.0
"(-13.15, -13.05]",2.233009708737864,8.337369269408104,89.42962102185403,4.0
"(-13.05, -12.95]",2.2653721682847894,8.40224413039947,89.33238370131573,9.0
"(-12.95, -12.85]",2.2977346278317157,8.467118991390837,89.23514638077745,10.0
"(-12.85, -12.75]",2.330097087378641,8.531993852382202,89.13790906023915,6.0
"(-12.75, -12.65]",2.3624595469255665,8.596868713373569,89.04067173970087,2.0
"(-12.65, -12.55]",2.394822006472492,8.661743574364934,88.94343441916257,1.0
"(-12.55, -12.45]",2.4271844660194173,8.726618435356299,88.84619709862429,2.0
"(-12.45, -12.35]",2.4595469255663436,8.791493296347666,88.74895977808599,3.0
"(-12.35, -12.25]",2.491909385113269,8.856368157339032,88.65172245754769,1.0
"(-12.25, -12.15]",2.5242718446601944,8.921243018330397,88.55448513700941,7.0
"(-12.15, -12.05]",2.55663430420712,8.986117879321762,88.45724781647111,5.0
"(-12.05, -11.95]",2.588996763754045,9.050992740313129,88.36001049593283,6.0
"(-11.95, -11.85]",2.621359223300971,9.115867601304496,88.26277317539453,2.0
"(-11.85, -11.75]",2.653721682847897,9.18074246229586,88.16553585485624,1.0
"(-11.75, -11.65]",2.6860841423948223,9.245617323287226,88.06829853431795,1.0
"(-11.65, -11.55]",2.7184466019417477,9.310492184278592,87.97106121377966,3.0
"(-11.55, -11.45]",2.750809061488673,9.375367045269957,87.87382389324137,3.0
"(-11.45, -11.35]",2.783171521035599,9.440241906261324,87.77658657270308,5.0
"(-11.35, -11.25]",2.8155339805825244,9.50511676725269,87.67934925216478,4.0
"(-11.25, -11.15]",2.8478964401294498,9.569991628244056,87.58211193162649,3.0
"(-11.15, -11.05]",2.8802588996763756,9.63486648923542,87.4848746110882,4.0
"(-11.05, -10.95]",2.912621359223301,9.699741350226788,87.3876372905499,2.0
"(-10.95, -10.85]",2.944983818770227,9.764616211218154,87.29039997001162,3.0
"(-10.85, -10.75]",2.9773462783171523,9.82949107220952,87.19316264947332,9.0
"(-10.75, -10.65]",3.0097087378640777,9.894365933200884,87.09592532893504,8.0
"(-10.65, -10.55]",3.042071197411003,9.959240794192251,86.99868800839674,10.0
"(-10.55, -10.45]",3.0744336569579285,10.024115655183616,86.90145068785846,7.0
"(-10.45, -10.35]",3.1067961165048548,10.088990516174983,86.80421336732016,2.0
"(-10.35, -10.25]",3.13915857605178,10.15386537716635,86.70697604678188,5.0
"(-10.25, -10.15]",3.1715210355987056,10.218740238157714,86.60973872624358,2.0
"(-10.15, -10.05]",3.203883495145631,10.28361509914908,86.51250140570528,5.0
"(-10.05, -9.95]",3.2362459546925564,10.348489960140446,86.415264085167,10.0
"(-9.95, -9.85]",3.2686084142394827,10.413364821131813,86.3180267646287,2.0
"(-9.85, -9.75]",3.300970873786408,10.478239682123178,86.22078944409041,5.0
"(-9.75, -9.65]",3.3333333333333335,10.543114543114543,86.12355212355212,4.0
"(-9.65, -9.55]",3.365695792880259,10.60798940410591,86.02631480301383,4.0
"(-9.55, -9.45]",3.3980582524271843,10.672864265097274,85.92907748247553,5.0
"(-9.45, -9.35]",3.43042071197411,10.737739126088641,85.83184016193725,3.0
"(-9.35, -9.25]",3.462783171521036,10.802613987080006,85.73460284139895,5.0
"(-9.25, -9.15]",3.4951456310679614,10.867488848071373,85.63736552086067,6.0
"(-9.15, -9.05]",3.527508090614887,10.932363709062738,85.54012820032237,5.0
"(-9.05, -8.95]",3.559870550161812,10.997238570054105,85.44289087978409,4.0
"(-8.95, -8.85]",3.592233009708738,11.062113431045471,85.34565355924579,3.0
"(-8.85, -8.75]",3.6245954692556634,11.126988292036836,85.2484162387075,4.0
"(-8.75, -8.65]",3.656957928802589,11.191863153028201,85.15117891816921,16.0
"(-8.65, -8.55]",3.6893203883495147,11.256738014019568,85.05394159763091,8.0
"(-8.55, -8.45]",3.72168284789644,11.321612875010933,84.95670427709263,11.0
"(-8.45, -8.35]",3.754045307443366,11.3864877360023,84.85946695655433,18.0
"(-8.35, -8.25]",3.7864077669902914,11.451362596993665,84.76222963601604,14.0
"(-8.25, -8.15]",3.8187702265372168,11.516237457985032,84.66499231547775,14.0
"(-8.15, -8.05]",3.851132686084142,11.581112318976396,84.56775499493946,25.0
"(-8.05, -7.95]",3.883495145631068,11.645987179967761,84.47051767440117,15.0
"(-7.95, -7.85]",3.915857605177994,11.71086204095913,84.37328035386288,23.0
"(-7.85, -7.75]",3.9482200647249193,11.775736901950495,84.27604303332458,22.0
"(-7.75, -7.65]",3.9805825242718447,11.84061176294186,84.1788057127863,17.0
"(-7.65, -7.55]",4.0129449838187705,11.905486623933225,84.081568392248,12.0
"(-7.55, -7.45]",4.0453074433656955,11.970361484924592,83.9843310717097,15.0
"(-7.45, -7.35]",4.077669902912621,12.035236345915958,83.88709375117142,20.0
"(-7.35, -7.25]",4.110032362459547,12.100111206907323,83.78985643063312,32.0
"(-7.25, -7.15]",4.142394822006472,12.164986067898688,83.69261911009484,28.0
"(-7.15, -7.05]",4.174757281553398,12.229860928890055,83.59538178955654,15.0
"(-7.05, -6.95]",4.207119741100324,12.29473578988142,83.49814446901826,24.0
"(-6.95, -6.85]",4.23948220064725,12.359610650872787,83.40090714847996,22.0
"(-6.85, -6.75]",4.271844660194175,12.424485511864154,83.30366982794168,37.0
"(-6.75, -6.65]",4.3042071197411005,12.489360372855518,83.20643250740338,32.0
"(-6.65, -6.55]",4.3365695792880254,12.554235233846883,83.1091951868651,49.0
"(-6.55, -6.45]",4.368932038834951,12.61911009483825,83.0119578663268,39.0
"(-6.45, -6.35]",4.401294498381877,12.683984955829617,82.9147205457885,44.0
"(-6.35, -6.25]",4.433656957928803,12.748859816820982,82.81748322525021,35.0
"(-6.25, -6.15]",4.466019417475728,12.813734677812347,82.72024590471193,35.0
"(-6.15, -6.05]",4.498381877022654,12.878609538803714,82.62300858417363,44.0
"(-6.05, -5.95]",4.530744336569579,12.943484399795079,82.52577126363533,51.0
"(-5.95, -5.85]",4.5631067961165055,13.008359260786445,82.42853394309705,52.0
"(-5.85, -5.75]",4.5954692556634305,13.073234121777812,82.33129662255875,55.0
"(-5.75, -5.65]",4.627831715210356,13.138108982769177,82.23405930202047,65.0
"(-5.65, -5.55]",4.660194174757281,13.202983843760542,82.13682198148217,67.0
"(-5.55, -5.45]",4.692556634304207,13.267858704751909,82.03958466094389,90.0
"(-5.45, -5.35]",4.724919093851133,13.332733565743276,81.94234734040559,87.0
"(-5.35, -5.25]",4.757281553398059,13.39760842673464,81.8451100198673,81.0
"(-5.25, -5.15]",4.789644012944984,13.462483287726005,81.74787269932901,93.0
"(-5.15, -5.05]",4.82200647249191,13.527358148717372,81.65063537879072,76.0
"(-5.05, -4.95]",4.854368932038835,13.592233009708737,81.55339805825243,103.0
"(-4.95, -4.85]",4.776591254052792,14.730607222726166,80.49280152322105,96.0
"(-4.85, -4.75]",4.698813576066748,15.868981435743605,79.43220498818964,74.0
"(-4.75, -4.65]",4.621035898080705,17.007355648761035,78.37160845315826,89.0
"(-4.65, -4.55]",4.543258220094662,18.145729861778463,77.31101191812688,60.0
"(-4.55, -4.45]",4.465480542108619,19.284104074795902,76.25041538309547,60.0
"(-4.45, -4.35]",4.387702864122576,20.42247828781333,75.18981884806409,58.0
"(-4.35, -4.25]",4.309925186136533,21.56085250083077,74.1292223130327,41.0
"(-4.25, -4.15]",4.23214750815049,22.699226713848198,73.0686257780013,49.0
"(-4.15, -4.05]",4.1543698301644465,23.837600926865626,72.00802924296993,53.0
"(-4.05, -3.95]",4.076592152178403,24.975975139883065,70.94743270793853,46.0
"(-3.95, -3.85]",3.9988144741923604,26.114349352900494,69.88683617290714,42.0
"(-3.85, -3.75]",3.9210367962063173,27.252723565917925,68.82623963787576,41.0
"(-3.75, -3.65]",3.843259118220274,28.39109777893536,67.76564310284436,50.0
"(-3.65, -3.55]",3.7654814402342307,29.529471991952796,66.70504656781297,47.0
"(-3.55, -3.45]",3.6877037622481876,30.667846204970232,65.64445003278158,36.0
"(-3.45, -3.35]",3.6099260842621446,31.80622041798766,64.5838534977502,63.0
"(-3.35, -3.25]",3.5321484062761015,32.94459463100509,63.523256962718804,35.0
"(-3.25, -3.15]",3.4543707282900584,34.082968844022524,62.46266042768741,44.0
"(-3.15, -3.05]",3.376593050304015,35.22134305703996,61.402063892656024,51.0
"(-3.05, -2.95]",3.298815372317972,36.359717270057395,60.34146735762464,45.0
"(-2.95, -2.85]",3.2210376943319288,37.49809148307482,59.28087082259324,50.0
"(-2.85, -2.75]",3.1432600163458857,38.63646569609226,58.22027428756186,41.0
"(-2.75, -2.65]",3.0654823383598426,39.77483990910969,57.15967775253047,47.0
"(-2.65, -2.55]",2.987704660373799,40.91321412212712,56.09908121749908,36.0
"(-2.55, -2.45]",2.909926982387756,42.05158833514456,55.03848468246768,36.0
"(-2.45, -2.35]",2.8321493044017134,43.189962548161986,53.9778881474363,43.0
"(-2.35, -2.25]",2.75437162641567,44.32833676117942,52.91729161240491,35.0
"(-2.25, -2.15]",2.676593948429627,45.46671097419685,51.856695077373516,47.0
"(-2.15, -2.05]",2.5988162704435838,46.605085187214286,50.79609854234213,73.0
"(-2.05, -1.95]",2.5210385924575407,47.74345940023172,49.735502007310735,72.0
"(-1.95, -1.85]",2.4432609144714976,48.88183361324915,48.67490547227935,50.0
"(-1.85, -1.75]",2.3654832364854546,50.020207826266585,47.61430893724796,50.0
"(-1.75, -1.65]",2.287705558499411,51.15858203928401,46.55371240221657,43.0
"(-1.65, -1.55]",2.209927880513368,52.29695625230145,45.49311586718518,38.0
"(-1.55, -1.45]",2.132150202527325,53.435330465318884,44.43251933215379,44.0
"(-1.45, -1.35]",2.054372524541282,54.57370467833631,43.3719227971224,35.0
"(-1.35, -1.25]",1.9765948465552388,55.71207889135375,42.311326262091015,37.0
"(-1.25, -1.15]",1.8988171685691957,56.85045310437118,41.25072972705962,46.0
"(-1.15, -1.05]",1.8210394905831522,57.98882731738861,40.190133192028235,33.0
"(-1.05, -0.95]",1.743261812597109,59.12720153040605,39.12953665699684,40.0
"(-0.95, -0.85]",1.665484134611066,60.265575743423476,38.068940121965454,37.0
"(-0.85, -0.75]",1.5877064566250225,61.40394995644092,37.00834358693406,30.0
"(-0.75, -0.65]",1.50992877863898,62.54232416945835,35.947747051902674,43.0
"(-0.65, -0.55]",1.4321511006529368,63.680698382475775,34.88715051687129,54.0
"(-0.55, -0.45]",1.3543734226668933,64.81907259549321,33.82655398183989,98.0
"(-0.45, -0.35]",1.276595744680851,65.95744680851064,32.76595744680851,235.0
"(-0.35, -0.25]",1.3550135501355014,74.79674796747967,23.848238482384822,738.0
"(-0.25, -0.15]",2.1739130434782608,75.42533081285444,22.400756143667298,1058.0
"(-0.15, -0.05]",2.9944289693593316,76.88022284122563,20.12534818941504,1436.0
"(-0.05, 0.05]",7.241540412467463,86.32450110124809,6.433958486284455,14983.0
"(0.05, 0.15]",17.317708333333336,79.62239583333334,3.059895833333333,1536.0
"(0.15, 0.25]",23.378702962369896,73.81905524419535,2.8022417934347477,1249.0
"(0.25, 0.35]",22.161422708618332,76.88098495212039,0.957592339261286,731.0
"(0.35, 0.45]",34.45378151260504,64.28571428571429,1.2605042016806722,238.0
"(0.45, 0.55]",30.8411214953271,66.35514018691589,2.803738317757009,107.0
"(0.55, 0.65]",31.817355887576195,65.43855980142759,2.7440843109962216,58.0
"(0.65, 0.75]",32.79359027982529,64.52197941593928,2.6844303042354345,65.0
"(0.75, 0.85]",33.76982467207438,63.605399030450975,2.624776297474647,44.0
"(0.85, 0.95]",34.746059064323475,62.688818644962666,2.5651222907138593,44.0
"(0.95, 1.05]",35.722293456572565,61.77223825947436,2.505468283953072,36.0
"(1.05, 1.15]",36.69852784882166,60.855657873986054,2.4458142771922846,42.0
"(1.15, 1.25]",37.67476224107075,59.93907748849775,2.386160270431497,52.0
"(1.25, 1.35]",38.65099663331985,59.02249710300944,2.32650626367071,46.0
"(1.35, 1.45]",39.627231025568946,58.10591671752114,2.2668522569099223,36.0
"(1.45, 1.55]",40.603465417818036,57.18933633203283,2.207198250149135,46.0
"(1.55, 1.65]",41.579699810067126,56.27275594654453,2.1475442433883476,49.0
"(1.65, 1.75]",42.55593420231622,55.35617556105622,2.08789023662756,56.0
"(1.75, 1.85]",43.53216859456531,54.439595175567916,2.0282362298667724,57.0
"(1.85, 1.95]",44.50840298681441,53.52301479007961,1.9685822231059853,49.0
"(1.95, 2.05]",45.4846373790635,52.606434404591305,1.9089282163451977,52.0
"(2.05, 2.15]",46.4608717713126,51.689854019102995,1.8492742095844106,52.0
"(2.15, 2.25]",47.43710616356169,50.77327363361469,1.789620202823623,49.0
"(2.25, 2.35]",48.41334055581078,49.85669324812639,1.7299661960628354,44.0
"(2.35, 2.45]",49.389574948059874,48.94011286263808,1.670312189302048,49.0
"(2.45, 2.55]",50.36580934030897,48.02353247714977,1.6106581825412607,41.0
"(2.55, 2.65]",51.342043732558054,47.10695209166147,1.5510041757804736,66.0
"(2.65, 2.75]",52.31827812480715,46.19037170617317,1.491350169019686,39.0
"(2.75, 2.85]",53.29451251705625,45.273791320684865,1.4316961622588986,50.0
"(2.85, 2.95]",54.270746909305345,44.35721093519655,1.372042155498111,60.0
"(2.95, 3.05]",55.246981301554435,43.440630549708246,1.3123881487373237,61.0
"(3.05, 3.15]",56.223215693803525,42.52405016421994,1.2527341419765363,61.0
"(3.15, 3.25]",57.19945008605262,41.60746977873164,1.193080135215749,57.0
"(3.25, 3.35]",58.17568447830171,40.69088939324333,1.1334261284549614,42.0
"(3.35, 3.45]",59.1519188705508,39.77430900775502,1.073772121694174,41.0
"(3.45, 3.55]",60.1281532627999,38.85772862226672,1.0141181149333864,57.0
"(3.55, 3.65]",61.10438765504899,37.94114823677842,0.9544641081725993,37.0
"(3.65, 3.75]",62.080622047298085,37.02456785129011,0.8948101014118117,52.0
"(3.75, 3.85]",63.056856439547175,36.1079874658018,0.8351560946510244,37.0
"(3.85, 3.95]",64.03309083179627,35.191407080313496,0.7755020878902368,45.0
"(3.95, 4.05]",65.00932522404537,34.27482669482519,0.7158480811294492,58.0
"(4.05, 4.15]",65.98555961629447,33.358246309336884,0.6561940743686621,35.0
"(4.15, 4.25]",66.96179400854356,32.441665923848575,0.5965400676078745,50.0
"(4.25, 4.35]",67.93802840079265,31.525085538360273,0.5368860608470873,46.0
"(4.35, 4.45]",68.91426279304173,30.60850515287197,0.47723205408629976,51.0
"(4.45, 4.55]",69.89049718529083,29.69192476738366,0.4175780473255122,39.0
"(4.55, 4.65]",70.86673157753992,28.77534438189536,0.35792404056472504,53.0
"(4.65, 4.75]",71.84296596978902,27.85876399640705,0.298270033803937,88.0
"(4.75, 4.85]",72.81920036203812,26.942183610918747,0.23861602704314988,67.0
"(4.85, 4.95]",73.7954347542872,26.025603225430444,0.17896202028236274,67.0
"(4.95, 5.05]",74.7716691465363,25.109022839942135,0.11930801352157516,86.0
"(5.05, 5.15]",75.74790353878538,24.192442454453833,0.059654006760788025,94.0
"(5.15, 5.25]",76.72413793103449,23.275862068965516,0.0,116.0
"(5.25, 5.35]",82.6923076923077,16.346153846153847,0.9615384615384616,104.0
"(5.35, 5.45]",90.17857142857143,9.821428571428571,0.0,112.0
"(5.45, 5.55]",88.18897637795276,10.236220472440944,1.574803149606299,127.0
"(5.55, 5.65]",78.94736842105263,15.789473684210526,5.263157894736842,114.0
"(5.65, 5.75]",79.05613235562865,15.71725945723684,5.226608187134502,65.0
"(5.75, 5.85]",79.16489629020468,15.645045230263158,5.190058479532163,66.0
"(5.85, 5.95]",79.2736602247807,15.572831003289473,5.1535087719298245,44.0
"(5.95, 6.05]",79.38242415935673,15.50061677631579,5.116959064327485,53.0
"(6.05, 6.15]",79.49118809393275,15.428402549342104,5.080409356725146,25.0
"(6.15, 6.25]",79.59995202850877,15.35618832236842,5.0438596491228065,39.0
"(6.25, 6.35]",79.7087159630848,15.283974095394736,5.007309941520467,56.0
"(6.35, 6.45]",79.81747989766082,15.211759868421051,4.970760233918128,44.0
"(6.45, 6.55]",79.92624383223684,15.139545641447368,4.9342105263157885,56.0
"(6.55, 6.65]",80.03500776681287,15.067331414473683,4.89766081871345,55.0
"(6.65, 6.75]",80.14377170138889,14.995117187499998,4.861111111111111,46.0
"(6.75, 6.85]",80.25253563596492,14.922902960526315,4.824561403508771,36.0
"(6.85, 6.95]",80.36129957054094,14.85068873355263,4.788011695906432,39.0
"(6.95, 7.05]",80.47006350511695,14.778474506578947,4.751461988304093,33.0
"(7.05, 7.15]",80.57882743969299,14.706260279605262,4.714912280701753,22.0
"(7.15, 7.25]",80.687591374269,14.634046052631579,4.678362573099415,25.0
"(7.25, 7.35]",80.79635530884502,14.561831825657894,4.641812865497076,19.0
"(7.35, 7.45]",80.90511924342105,14.48961759868421,4.605263157894736,19.0
"(7.45, 7.55]",81.01388317799707,14.417403371710526,4.568713450292397,13.0
"(7.55, 7.65]",81.1226471125731,14.34518914473684,4.532163742690058,13.0
"(7.65, 7.75]",81.23141104714912,14.272974917763158,4.495614035087718,10.0
"(7.75, 7.85]",81.34017498172514,14.200760690789473,4.45906432748538,18.0
"(7.85, 7.95]",81.44893891630117,14.12854646381579,4.4225146198830405,14.0
"(7.95, 8.05]",81.55770285087719,14.056332236842104,4.385964912280701,22.0
"(8.05, 8.15]",81.66646678545321,13.98411800986842,4.349415204678362,18.0
"(8.15, 8.25]",81.77523072002924,13.911903782894736,4.3128654970760225,14.0
"(8.25, 8.35]",81.88399465460526,13.839689555921051,4.276315789473683,19.0
"(8.35, 8.45]",81.99275858918128,13.767475328947368,4.239766081871345,18.0
"(8.45, 8.55]",82.10152252375731,13.695261101973683,4.203216374269005,12.0
"(8.55, 8.65]",82.21028645833333,13.623046874999998,4.166666666666666,9.0
"(8.65, 8.75]",82.31905039290936,13.550832648026315,4.130116959064327,9.0
"(8.75, 8.85]",82.42781432748538,13.47861842105263,4.093567251461987,9.0
"(8.85, 8.95]",82.5365782620614,13.406404194078947,4.057017543859649,6.0
"(8.95, 9.05]",82.64534219663743,13.334189967105264,4.02046783625731,6.0
"(9.05, 9.15]",82.75410613121345,13.261975740131577,3.98391812865497,8.0
"(9.15, 9.25]",82.86287006578948,13.189761513157894,3.947368421052631,8.0
"(9.25, 9.35]",82.9716340003655,13.117547286184209,3.9108187134502916,8.0
"(9.35, 9.45]",83.08039793494152,13.045333059210526,3.8742690058479528,9.0
"(9.45, 9.55]",83.18916186951755,12.973118832236842,3.837719298245614,7.0
"(9.55, 9.65]",83.29792580409357,12.900904605263158,3.801169590643274,7.0
"(9.65, 9.75]",83.40668973866958,12.828690378289473,3.764619883040935,8.0
"(9.75, 9.85]",83.51545367324562,12.756476151315788,3.728070175438596,11.0
"(9.85, 9.95]",83.62421760782163,12.684261924342104,3.6915204678362565,6.0
"(9.95, 10.05]",83.73298154239765,12.612047697368421,3.654970760233918,2.0
"(10.05, 10.15]",83.84174547697368,12.539833470394736,3.618421052631578,7.0
"(10.15, 10.25]",83.9505094115497,12.467619243421051,3.581871345029239,8.0
"(10.25, 10.35]",84.05927334612574,12.395405016447366,3.5453216374269,4.0
"(10.35, 10.45]",84.16803728070175,12.323190789473683,3.5087719298245608,4.0
"(10.45, 10.55]",84.27680121527777,12.2509765625,3.472222222222222,6.0
"(10.55, 10.65]",84.3855651498538,12.178762335526315,3.435672514619882,11.0
"(10.65, 10.75]",84.49432908442982,12.10654810855263,3.399122807017543,4.0
"(10.75, 10.85]",84.60309301900585,12.034333881578947,3.3625730994152043,4.0
"(10.85, 10.95]",84.71185695358187,11.962119654605262,3.326023391812865,8.0
"(10.95, 11.05]",84.82062088815789,11.889905427631579,3.2894736842105257,4.0
"(11.05, 11.15]",84.92938482273392,11.817691200657894,3.2529239766081863,5.0
"(11.15, 11.25]",85.03814875730994,11.745476973684209,3.216374269005847,5.0
"(11.25, 11.35]",85.14691269188596,11.673262746710526,3.179824561403508,6.0
"(11.35, 11.45]",85.25567662646199,11.601048519736842,3.143274853801169,2.0
"(11.45, 11.55]",85.36444056103801,11.528834292763158,3.10672514619883,7.0
"(11.55, 11.65]",85.47320449561404,11.456620065789473,3.0701754385964906,6.0
"(11.65, 11.75]",85.58196843019006,11.384405838815788,3.0336257309941512,4.0
"(11.75, 11.85]",85.69073236476608,11.312191611842104,2.9970760233918123,9.0
"(11.85, 11.95]",85.79949629934211,11.239977384868421,2.960526315789473,2.0
"(11.95, 12.05]",85.90826023391813,11.167763157894736,2.923976608187134,3.0
"(12.05, 12.15]",86.01702416849415,11.095548930921051,2.8874269005847943,9.0
"(12.15, 12.25]",86.12578810307018,11.023334703947366,2.8508771929824555,2.0
"(12.25, 12.35]",86.2345520376462,10.951120476973683,2.814327485380116,6.0
"(12.35, 12.45]",86.34331597222223,10.87890625,2.7777777777777772,6.0
"(12.45, 12.55]",86.45207990679825,10.806692023026315,2.7412280701754383,2.0
"(12.55, 12.65]",86.56084384137426,10.73447779605263,2.7046783625730986,9.0
"(12.65, 12.75]",86.6696077759503,10.662263569078945,2.6681286549707597,3.0
"(12.75, 12.85]",86.77837171052632,10.590049342105262,2.6315789473684204,3.0
"(12.85, 12.95]",86.88713564510233,10.517835115131579,2.5950292397660815,5.0
"(12.95, 13.05]",86.99589957967837,10.445620888157894,2.558479532163742,6.0
"(13.05, 13.15]",87.10466351425438,10.373406661184209,2.521929824561403,1.0
"(13.15, 13.25]",87.2134274488304,10.301192434210524,2.4853801169590635,5.0
"(13.25, 13.35]",87.32219138340643,10.22897820723684,2.4488304093567246,1.0
"(13.35, 13.45]",87.43095531798245,10.156763980263158,2.4122807017543852,0.0
"(13.45, 13.55]",87.53971925255848,10.084549753289473,2.3757309941520464,2.0
"(13.55, 13.65]",87.6484831871345,10.012335526315788,2.339181286549707,0.0
"(13.65, 13.75]",87.75724712171052,9.940121299342103,2.3026315789473673,0.0
"(13.75, 13.85]",87.86601105628655,9.867907072368421,2.266081871345029,1.0
"(13.85, 13.95]",87.97477499086257,9.795692845394736,2.229532163742689,3.0
"(13.95, 14.05]",88.08353892543859,9.723478618421053,2.192982456140351,2.0
"(14.05, 14.15]",88.19230286001462,9.651264391447366,2.1564327485380113,1.0
"(14.15, 14.25]",88.30106679459064,9.579050164473681,2.1198830409356715,1.0
"(14.25, 14.35]",88.40983072916667,9.5068359375,2.083333333333333,0.0
"(14.35, 14.45]",88.51859466374269,9.434621710526315,2.0467836257309933,1.0
"(14.45, 14.55]",88.62735859831871,9.362407483552632,2.010233918128655,1.0
"(14.55, 14.65]",88.73612253289474,9.290193256578945,1.973684210526315,1.0
"(14.65, 14.75]",88.84488646747076,9.21797902960526,1.9371345029239757,0.0
"(14.75, 14.85]",88.95365040204678,9.145764802631579,1.9005847953216373,0.0
"(14.85, 14.95]",89.06241433662281,9.073550575657894,1.8640350877192975,0.0
"(14.95, 15.05]",89.17117827119883,9.00133634868421,1.827485380116959,2.0
"(15.05, 15.15]",89.27994220577486,8.929122121710526,1.7909356725146193,0.0
"(15.15, 15.25]",89.38870614035088,8.856907894736839,1.7543859649122795,1.0
"(15.25, 15.35]",89.4974700749269,8.784693667763158,1.717836257309941,0.0
"(15.35, 15.45]",89.60623400950293,8.712479440789473,1.6812865497076013,0.0
"(15.45, 15.55]",89.71499794407895,8.64026521381579,1.6447368421052633,0.0
"(15.55, 15.65]",89.82376187865498,8.568050986842104,1.6081871345029235,0.0
"(15.65, 15.75]",89.932525813231,8.495836759868418,1.5716374269005837,0.0
"(15.75, 15.85]",90.04128974780701,8.423622532894736,1.5350877192982453,0.0
"(15.85, 15.95]",90.15005368238305,8.351408305921051,1.4985380116959055,0.0
"(15.95, 16.05]",90.25881761695906,8.279194078947368,1.461988304093567,0.0
"(16.05, 16.15]",90.36758155153508,8.206979851973683,1.4254385964912273,0.0
"(16.15, 16.25]",90.47634548611111,8.134765625,1.3888888888888893,1.0
"(16.25, 16.35]",90.58510942068713,8.062551398026315,1.3523391812865495,0.0
"(16.35, 16.45]",90.69387335526315,7.99033717105263,1.3157894736842097,0.0
"(16.45, 16.55]",90.80263728983918,7.918122944078947,1.2792397660818713,0.0
"(16.55, 16.65]",90.9114012244152,7.845908717105262,1.242690058479532,1.0
"(16.65, 16.75]",91.02016515899123,7.773694490131579,1.2061403508771935,0.0
"(16.75, 16.85]",91.12892909356725,7.701480263157894,1.1695906432748533,0.0
"(16.85, 16.95]",91.23769302814327,7.629266036184209,1.133040935672514,1.0
"(16.95, 17.05]",91.3464569627193,7.557051809210526,1.0964912280701755,0.0
"(17.05, 17.15]",91.45522089729532,7.484837582236841,1.0599415204678353,0.0
"(17.15, 17.25]",91.56398483187134,7.4126233552631575,1.0233918128654969,0.0
"(17.25, 17.35]",91.67274876644737,7.340409128289473,0.9868421052631575,0.0
"(17.35, 17.45]",91.78151270102339,7.268194901315788,0.9502923976608182,0.0
"(17.45, 17.55]",91.8902766355994,7.195980674342104,0.9137426900584797,0.0
"(17.55, 17.65]",91.99904057017544,7.1237664473684195,0.8771929824561395,0.0
"(17.65, 17.75]",92.10780450475146,7.051552220394738,0.8406432748538011,0.0
"(17.75, 17.85]",92.21656843932749,6.979337993421051,0.8040935672514617,0.0
"(17.85, 17.95]",92.3253323739035,6.907123766447366,0.7675438596491215,0.0
"(17.95, 18.05]",92.43409630847952,6.834909539473685,0.730994152046784,0.0
"(18.05, 18.15]",92.54286024305556,6.762695312499998,0.6944444444444438,0.0
"(18.15, 18.25]",92.65162417763158,6.690481085526317,0.6578947368421053,0.0
"(18.25, 18.35]",92.76038811220761,6.61826685855263,0.621345029239766,0.0
"(18.35, 18.45]",92.86915204678363,6.546052631578945,0.5847953216374258,0.0
"(18.45, 18.55]",92.97791598135964,6.473838404605264,0.5482456140350873,0.0
"(18.55, 18.65]",93.08667991593568,6.401624177631577,0.511695906432748,0.0
"(18.65, 18.75]",93.1954438505117,6.329409950657896,0.47514619883040954,0.0
"(18.75, 18.85]",93.30420778508773,6.257195723684211,0.4385964912280702,0.0
"(18.85, 18.95]",93.41297171966374,6.184981496710524,0.40204678362573,1.0
"(18.95, 19.05]",93.52173565423976,6.1127672697368425,0.36549707602339154,0.0
"(19.05, 19.15]",93.6304995888158,6.0405530427631575,0.3289473684210522,0.0
"(19.15, 19.25]",93.73926352339181,5.968338815789474,0.29239766081871377,1.0
"(19.25, 19.35]",93.84802745796783,5.896124588815789,0.25584795321637355,0.0
"(19.35, 19.45]",93.95679139254386,5.823910361842103,0.21929824561403422,0.0
"(19.45, 19.55]",94.06555532711988,5.751696134868421,0.18274853801169577,0.0
"(19.55, 19.65]",94.1743192616959,5.679481907894736,0.14619883040935644,0.0
"(19.65, 19.75]",94.28308319627193,5.607267680921053,0.109649122807018,0.0
"(19.75, 19.85]",94.39184713084795,5.535053453947368,0.07309941520467778,0.0
"(19.85, 19.95]",94.50061106542398,5.462839226973683,0.036549707602338444,0.0
"(19.95, 20.05]",94.609375,5.390625,0.0,1280.0
"(20.05, ∞)",87.04663212435233,7.772020725388601,5.181347150259067,193.0
