Interval,WinningChance,DrawingChance,LosingChance,TotalGames
"(-∞, -20.05]",1.5337423312883436,3.067484662576687,95.39877300613497,101.0
"(-20.05, -19.95]",1.5337423312883436,3.067484662576687,95.39877300613497,326.0
"(-19.95, -19.85]",1.52595683722089,3.4560651180707422,95.01797804470837,0.0
"(-19.85, -19.75]",1.5181713431534365,3.844645573564784,94.63718308328178,0.0
"(-19.75, -19.65]",1.510385849085983,4.233226029058839,94.25638812185518,0.0
"(-19.65, -19.55]",1.5026003550185294,4.621806484552894,93.87559316042858,0.0
"(-19.55, -19.45]",1.494814860951076,5.010386940046935,93.49479819900199,0.0
"(-19.45, -19.35]",1.4870293668836223,5.398967395540991,93.11400323757539,0.0
"(-19.35, -19.25]",1.479243872816169,5.787547851035032,92.7332082761488,0.0
"(-19.25, -19.15]",1.4714583787487154,6.176128306529087,92.3524133147222,0.0
"(-19.15, -19.05]",1.4636728846812617,6.564708762023143,91.9716183532956,0.0
"(-19.05, -18.95]",1.4558873906138083,6.953289217517184,91.59082339186901,0.0
"(-18.95, -18.85]",1.4481018965463548,7.341869673011239,91.2100284304424,0.0
"(-18.85, -18.75]",1.4403164024789015,7.7304501285052805,90.82923346901582,0.0
"(-18.75, -18.65]",1.4325309084114477,8.119030583999336,90.44843850758922,0.0
"(-18.65, -18.55]",1.4247454143439942,8.50761103949339,90.06764354616261,0.0
"(-18.55, -18.45]",1.4169599202765408,8.896191494987432,89.68684858473603,0.0
"(-18.45, -18.35]",1.409174426209087,9.284771950481488,89.30605362330942,0.0
"(-18.35, -18.25]",1.4013889321416337,9.673352405975528,88.92525866188284,0.0
"(-18.25, -18.15]",1.3936034380741802,10.061932861469582,88.54446370045623,0.0
"(-18.15, -18.05]",1.3858179440067264,10.450513316963638,88.16366873902965,0.0
"(-18.05, -17.95]",1.378032449939273,10.83909377245768,87.78287377760304,0.0
"(-17.95, -17.85]",1.3702469558718195,11.227674227951736,87.40207881617646,0.0
"(-17.85, -17.75]",1.3624614618043662,11.616254683445776,87.02128385474987,0.0
"(-17.75, -17.65]",1.3546759677369125,12.004835138939832,86.64048889332327,0.0
"(-17.65, -17.55]",1.346890473669459,12.393415594433886,86.25969393189666,0.0
"(-17.55, -17.45]",1.3391049796020056,12.781996049927928,85.87889897047008,0.0
"(-17.45, -17.35]",1.3313194855345518,13.170576505421984,85.49810400904347,0.0
"(-17.35, -17.25]",1.3235339914670985,13.559156960916026,85.11730904761689,0.0
"(-17.25, -17.15]",1.315748497399645,13.94773741641008,84.73651408619028,0.0
"(-17.15, -17.05]",1.3079630033321914,14.336317871904136,84.35571912476368,0.0
"(-17.05, -16.95]",1.3001775092647379,14.724898327398177,83.97492416333709,0.0
"(-16.95, -16.85]",1.2923920151972843,15.113478782892232,83.59412920191049,0.0
"(-16.85, -16.75]",1.284606521129831,15.502059238386273,83.2133342404839,0.0
"(-16.75, -16.65]",1.2768210270623772,15.890639693880328,82.8325392790573,0.0
"(-16.65, -16.55]",1.2690355329949237,16.279220149374382,82.4517443176307,0.0
"(-16.55, -16.45]",1.2612500389274703,16.667800604868425,82.07094935620411,0.0
"(-16.45, -16.35]",1.2534645448600168,17.05638106036248,81.69015439477751,0.0
"(-16.35, -16.25]",1.2456790507925635,17.44496151585652,81.30935943335092,0.0
"(-16.25, -16.15]",1.2378935567251097,17.833541971350577,80.92856447192432,0.0
"(-16.15, -16.05]",1.2301080626576562,18.22212242684463,80.54776951049772,0.0
"(-16.05, -15.95]",1.2223225685902026,18.61070288233867,80.16697454907113,0.0
"(-15.95, -15.85]",1.214537074522749,18.99928333783273,79.78617958764453,0.0
"(-15.85, -15.75]",1.2067515804552955,19.38786379332678,79.40538462621794,0.0
"(-15.75, -15.65]",1.1989660863878422,19.776444248820823,79.02458966479134,0.0
"(-15.65, -15.55]",1.1911805923203886,20.165024704314874,78.64379470336473,0.0
"(-15.55, -15.45]",1.183395098252935,20.553605159808924,78.26299974193815,0.0
"(-15.45, -15.35]",1.1756096041854815,20.942185615302975,77.88220478051154,0.0
"(-15.35, -15.25]",1.167824110118028,21.330766070797026,77.50140981908496,1.0
"(-15.25, -15.15]",1.1600386160505745,21.719346526291076,77.12061485765835,0.0
"(-15.15, -15.05]",1.152253121983121,22.10792698178512,76.73981989623177,0.0
"(-15.05, -14.95]",1.1444676279156676,22.49650743727917,76.35902493480516,0.0
"(-14.95, -14.85]",1.1366821338482138,22.885087892773228,75.97822997337856,0.0
"(-14.85, -14.75]",1.1288966397807605,23.27366834826727,75.59743501195197,0.0
"(-14.75, -14.65]",1.121111145713307,23.662248803761322,75.21664005052537,0.0
"(-14.65, -14.55]",1.1133256516458534,24.050829259255373,74.83584508909878,1.0
"(-14.55, -14.45]",1.1055401575783999,24.439409714749416,74.4550501276722,0.0
"(-14.45, -14.35]",1.0977546635109463,24.827990170243474,74.07425516624559,0.0
"(-14.35, -14.25]",1.0899691694434928,25.216570625737518,73.69346020481899,0.0
"(-14.25, -14.15]",1.0821836753760392,25.60515108123157,73.31266524339239,0.0
"(-14.15, -14.05]",1.0743981813085859,25.99373153672562,72.9318702819658,0.0
"(-14.05, -13.95]",1.0666126872411323,26.38231199221967,72.55107532053921,0.0
"(-13.95, -13.85]",1.0588271931736786,26.77089244771372,72.17028035911261,0.0
"(-13.85, -13.75]",1.051041699106225,27.15947290320777,71.78948539768601,0.0
"(-13.75, -13.65]",1.0432562050387717,27.548053358701814,71.4086904362594,0.0
"(-13.65, -13.55]",1.0354707109713182,27.936633814195865,71.02789547483282,0.0
"(-13.55, -13.45]",1.0276852169038646,28.325214269689916,70.64710051340623,0.0
"(-13.45, -13.35]",1.019899722836411,28.713794725183966,70.26630555197963,0.0
"(-13.35, -13.25]",1.0121142287689575,29.102375180678017,69.88551059055303,0.0
"(-13.25, -13.15]",1.0043287347015042,29.490955636172067,69.50471562912644,1.0
"(-13.15, -13.05]",0.9965432406340505,29.87953609166611,69.12392066769984,1.0
"(-13.05, -12.95]",0.9887577465665971,30.26811654716016,68.74312570627325,0.0
"(-12.95, -12.85]",0.9809722524991434,30.65669700265422,68.36233074484664,0.0
"(-12.85, -12.75]",0.9731867584316899,31.045277458148263,67.98153578342004,1.0
"(-12.75, -12.65]",0.9654012643642365,31.433857913642314,67.60074082199345,0.0
"(-12.65, -12.55]",0.9576157702967829,31.822438369136364,67.21994586056685,1.0
"(-12.55, -12.45]",0.9498302762293295,32.21101882463041,66.83915089914026,0.0
"(-12.45, -12.35]",0.9420447821618758,32.599599280124465,66.45835593771366,0.0
"(-12.35, -12.25]",0.9342592880944224,32.988179735618516,66.07756097628706,0.0
"(-12.25, -12.15]",0.9264737940269688,33.37676019111256,65.69676601486047,2.0
"(-12.15, -12.05]",0.9186882999595154,33.76534064660661,65.31597105343388,0.0
"(-12.05, -11.95]",0.9109028058920619,34.15392110210066,64.93517609200728,0.0
"(-11.95, -11.85]",0.9031173118246082,34.54250155759471,64.55438113058068,0.0
"(-11.85, -11.75]",0.8953318177571548,34.93108201308876,64.17358616915408,2.0
"(-11.75, -11.65]",0.8875463236897012,35.31966246858281,63.79279120772749,0.0
"(-11.65, -11.55]",0.8797608296222478,35.70824292407686,63.411996246300895,1.0
"(-11.55, -11.45]",0.8719753355547942,36.09682337957091,63.0312012848743,0.0
"(-11.45, -11.35]",0.8641898414873406,36.485403835064965,62.6504063234477,2.0
"(-11.35, -11.25]",0.8564043474198871,36.873984290559015,62.2696113620211,0.0
"(-11.25, -11.15]",0.8486188533524336,37.26256474605306,61.88881640059451,0.0
"(-11.15, -11.05]",0.8408333592849802,37.65114520154711,61.50802143916791,0.0
"(-11.05, -10.95]",0.8330478652175266,38.03972565704116,61.12722647774132,3.0
"(-10.95, -10.85]",0.825262371150073,38.42830611253521,60.74643151631472,1.0
"(-10.85, -10.75]",0.8174768770826195,38.81688656802926,60.36563655488813,4.0
"(-10.75, -10.65]",0.809691383015166,39.20546702352331,59.98484159346153,0.0
"(-10.65, -10.55]",0.8019058889477125,39.594047479017355,59.60404663203494,2.0
"(-10.55, -10.45]",0.794120394880259,39.982627934511406,59.22325167060834,1.0
"(-10.45, -10.35]",0.7863349008128054,40.371208390005464,58.84245670918174,1.0
"(-10.35, -10.25]",0.7785494067453519,40.75978884549951,58.461661747755144,0.0
"(-10.25, -10.15]",0.7707639126778985,41.14836930099356,58.08086678632855,0.0
"(-10.15, -10.05]",0.7629784186104449,41.53694975648761,57.700071824901954,1.0
"(-10.05, -9.95]",0.7551929245429914,41.92553021198165,57.31927686347536,1.0
"(-9.95, -9.85]",0.7474074304755378,42.31411066747571,56.93848190204876,2.0
"(-9.85, -9.75]",0.7396219364080843,42.70269112296976,56.55768694062216,0.0
"(-9.75, -9.65]",0.7318364423406308,43.091271578463804,56.17689197919557,1.0
"(-9.65, -9.55]",0.7240509482731773,43.479852033957854,55.79609701776897,0.0
"(-9.55, -9.45]",0.7162654542057239,43.868432489451905,55.41530205634238,1.0
"(-9.45, -9.35]",0.7084799601382702,44.257012944945956,55.034507094915774,1.0
"(-9.35, -9.25]",0.7006944660708166,44.645593400440006,54.65371213348918,1.0
"(-9.25, -9.15]",0.6929089720033632,45.03417385593406,54.272917172062584,0.0
"(-9.15, -9.05]",0.6851234779359097,45.4227543114281,53.89212221063599,2.0
"(-9.05, -8.95]",0.6773379838684562,45.81133476692215,53.5113272492094,2.0
"(-8.95, -8.85]",0.6695524898010026,46.19991522241621,53.1305322877828,1.0
"(-8.85, -8.75]",0.661766995733549,46.58849567791025,52.749737326356204,7.0
"(-8.75, -8.65]",0.6539815016660956,46.9770761334043,52.36894236492961,1.0
"(-8.65, -8.55]",0.646196007598642,47.365656588898354,51.988147403503014,2.0
"(-8.55, -8.45]",0.6384105135311886,47.7542370443924,51.60735244207642,1.0
"(-8.45, -8.35]",0.630625019463735,48.142817499886455,51.22655748064982,0.0
"(-8.35, -8.25]",0.6228395253962815,48.5313979553805,50.84576251922322,2.0
"(-8.25, -8.15]",0.615054031328828,48.91997841087455,50.464967557796626,2.0
"(-8.15, -8.05]",0.6072685372613745,49.3085588663686,50.08417259637003,2.0
"(-8.05, -7.95]",0.599483043193921,49.69713932186265,49.703377634943436,0.0
"(-7.95, -7.85]",0.5916975491264673,50.0857197773567,49.322582673516834,5.0
"(-7.85, -7.75]",0.5839120550590139,50.47430023285075,48.94178771209024,1.0
"(-7.75, -7.65]",0.5761265609915603,50.862880688344795,48.560992750663644,4.0
"(-7.65, -7.55]",0.5683410669241069,51.251461143838846,48.18019778923705,10.0
"(-7.55, -7.45]",0.5605555728566534,51.640041599332896,47.799402827810454,3.0
"(-7.45, -7.35]",0.5527700787891997,52.02862205482695,47.41860786638385,4.0
"(-7.35, -7.25]",0.5449845847217463,52.417202510321,47.037812904957256,6.0
"(-7.25, -7.15]",0.5371990906542927,52.80578296581505,46.65701794353066,3.0
"(-7.15, -7.05]",0.5294135965868392,53.19436342130909,46.276222982104066,0.0
"(-7.05, -6.95]",0.5216281025193859,53.58294387680314,45.89542802067747,6.0
"(-6.95, -6.85]",0.5138426084519321,53.9715243322972,45.514633059250876,0.0
"(-6.85, -6.75]",0.5060571143844785,54.36010478779124,45.13383809782428,1.0
"(-6.75, -6.65]",0.4982716203170252,54.748685243285294,44.753043136397686,5.0
"(-6.65, -6.55]",0.49048612624957166,55.137265698779345,44.37224817497109,5.0
"(-6.55, -6.45]",0.4827006321821181,55.52584615427339,43.991453213544496,2.0
"(-6.45, -6.35]",0.47491513811466457,55.914426609767446,43.610658252117894,3.0
"(-6.35, -6.25]",0.467129644047211,56.3030070652615,43.2298632906913,9.0
"(-6.25, -6.15]",0.4593441499797575,56.69158752075554,42.8490683292647,5.0
"(-6.15, -6.05]",0.45155865591230415,57.08016797624959,42.46827336783811,1.0
"(-6.05, -5.95]",0.4437731618448506,57.46874843174364,42.08747840641151,13.0
"(-5.95, -5.85]",0.43598766777739684,57.85732888723769,41.70668344498491,6.0
"(-5.85, -5.75]",0.4282021737099435,58.24590934273174,41.325888483558316,7.0
"(-5.75, -5.65]",0.42041667964248997,58.63448979822579,40.94509352213172,8.0
"(-5.65, -5.55]",0.4126311855750364,59.02307025371984,40.564298560705126,15.0
"(-5.55, -5.45]",0.40484569150758287,59.41165070921389,40.18350359927853,15.0
"(-5.45, -5.35]",0.3970601974401293,59.800231164707945,39.80270863785193,16.0
"(-5.35, -5.25]",0.3892747033726758,60.18881162020199,39.42191367642533,12.0
"(-5.25, -5.15]",0.38148920930522223,60.57739207569604,39.04111871499874,23.0
"(-5.15, -5.05]",0.3737037152377689,60.96597253119009,38.66032375357214,20.0
"(-5.05, -4.95]",0.36591822117031536,61.35455298668413,38.279528792145555,12.0
"(-4.95, -4.85]",0.3581327271028616,61.74313344217819,37.89873383071895,20.0
"(-4.85, -4.75]",0.35034723303540827,62.13171389767224,37.51793886929236,17.0
"(-4.75, -4.65]",0.3425617389679547,62.520294353166285,37.13714390786576,9.0
"(-4.65, -4.55]",0.3347762449005012,62.908874808660336,36.75634894643917,4.0
"(-4.55, -4.45]",0.3269907508330476,63.29745526415439,36.37555398501257,7.0
"(-4.45, -4.35]",0.3192052567655941,63.68603571964844,35.99475902358597,6.0
"(-4.35, -4.25]",0.31141976269814053,64.07461617514248,35.613964062159376,8.0
"(-4.25, -4.15]",0.3036342686306872,64.46319663063653,35.23316910073278,7.0
"(-4.15, -4.05]",0.29584877456323366,64.85177708613058,34.852374139306185,7.0
"(-4.05, -3.95]",0.2880632804957801,65.24035754162463,34.47157917787959,3.0
"(-3.95, -3.85]",0.28027778642832657,65.62893799711868,34.09078421645299,0.0
"(-3.85, -3.75]",0.272492292360873,66.01751845261272,33.7099892550264,3.0
"(-3.75, -3.65]",0.2647067982934195,66.40609890810678,33.3291942935998,5.0
"(-3.65, -3.55]",0.25692130422596593,66.79467936360084,32.948399332173196,1.0
"(-3.55, -3.45]",0.2491358101585126,67.18325981909489,32.56760437074661,4.0
"(-3.45, -3.35]",0.24135031609105884,67.57184027458894,32.186809409320006,4.0
"(-3.35, -3.25]",0.2335648220236055,67.96042073008297,31.806014447893418,4.0
"(-3.25, -3.15]",0.22577932795615197,68.34900118557704,31.425219486466816,8.0
"(-3.15, -3.05]",0.2179938338886982,68.73758164107109,31.044424525040213,7.0
"(-3.05, -2.95]",0.21020833982124487,69.12616209656512,30.663629563613625,4.0
"(-2.95, -2.85]",0.20242284575379133,69.51474255205919,30.282834602187023,5.0
"(-2.85, -2.75]",0.194637351686338,69.90332300755323,29.902039640760435,13.0
"(-2.75, -2.65]",0.18685185761888423,70.29190346304728,29.521244679333833,7.0
"(-2.65, -2.55]",0.17906636355143069,70.68048391854134,29.14044971790723,3.0
"(-2.55, -2.45]",0.17128086948397736,71.06906437403538,28.759654756480643,9.0
"(-2.45, -2.35]",0.1634953754165236,71.45764482952943,28.37885979505404,9.0
"(-2.35, -2.25]",0.15570988134907027,71.84622528502348,27.998064833627453,12.0
"(-2.25, -2.15]",0.14792438728161672,72.23480574051753,27.61726987220085,13.0
"(-2.15, -2.05]",0.14013889321416295,72.62338619601158,27.236474910774263,8.0
"(-2.05, -1.95]",0.13235339914670963,73.01196665150563,26.85567994934766,8.0
"(-1.95, -1.85]",0.12456790507925608,73.40054710699968,26.474884987921072,4.0
"(-1.85, -1.75]",0.11678241101180276,73.78912756249372,26.094090026494484,11.0
"(-1.75, -1.65]",0.10899691694434899,74.17770801798778,25.713295065067882,14.0
"(-1.65, -1.55]",0.10121142287689544,74.56628847348183,25.33250010364128,3.0
"(-1.55, -1.45]",0.09342592880944212,74.95486892897587,24.951705142214692,6.0
"(-1.45, -1.35]",0.08564043474198835,75.34344938446993,24.57091018078809,10.0
"(-1.35, -1.25]",0.07785494067453502,75.73202983996397,24.190115219361502,12.0
"(-1.25, -1.15]",0.07006944660708148,76.12061029545802,23.8093202579349,9.0
"(-1.15, -1.05]",0.06228395253962793,76.50919075095209,23.428525296508298,2.0
"(-1.05, -0.95]",0.05449845847217438,76.89777120644612,23.04773033508171,12.0
"(-0.95, -0.85]",0.046712964404720836,77.28635166194017,22.666935373655107,3.0
"(-0.85, -0.75]",0.03892747033726751,77.67493211743422,22.28614041222852,3.0
"(-0.75, -0.65]",0.031141976269813743,78.06351257292827,21.905345450801917,7.0
"(-0.65, -0.55]",0.023356482202360196,78.45209302842233,21.524550489375315,9.0
"(-0.55, -0.45]",0.015570988134906871,78.84067348391638,21.143755527948727,7.0
"(-0.45, -0.35]",0.007785494067453325,79.22925393941043,20.762960566522125,59.0
"(-0.35, -0.25]",0.0,79.61783439490446,20.382165605095544,157.0
"(-0.25, -0.15]",0.9302325581395349,81.86046511627907,17.209302325581397,215.0
"(-0.15, -0.05]",5.263157894736842,80.5921052631579,14.144736842105262,304.0
"(-0.05, 0.05]",6.437435367114788,89.0124095139607,4.550155118924509,3868.0
"(0.05, 0.15]",21.09826589595376,74.85549132947978,4.046242774566474,346.0
"(0.15, 0.25]",18.502202643171806,79.73568281938326,1.762114537444934,227.0
"(0.25, 0.35]",18.9873417721519,79.74683544303798,1.2658227848101267,158.0
"(0.35, 0.45]",19.37164440382728,79.3689583077322,1.2593972884405322,41.0
"(0.45, 0.55]",19.755947035502658,78.9910811724264,1.2529717920709376,27.0
"(0.55, 0.65]",20.14024966717804,78.61320403712062,1.246546295701343,13.0
"(0.65, 0.75]",20.52455229885342,78.23532690181484,1.2401207993317485,6.0
"(0.75, 0.85]",20.908854930528797,77.85744976650906,1.233695302962154,4.0
"(0.85, 0.95]",21.293157562204176,77.47957263120327,1.2272698065925594,5.0
"(0.95, 1.05]",21.677460193879554,77.10169549589749,1.2208443102229647,7.0
"(1.05, 1.15]",22.061762825554933,76.72381836059171,1.2144188138533702,18.0
"(1.15, 1.25]",22.44606545723031,76.34594122528591,1.2079933174837758,5.0
"(1.25, 1.35]",22.830368088905693,75.96806408998013,1.2015678211141811,7.0
"(1.35, 1.45]",23.214670720581072,75.59018695467435,1.1951423247445865,10.0
"(1.45, 1.55]",23.59897335225645,75.21230981936857,1.188716828374992,12.0
"(1.55, 1.65]",23.98327598393183,74.83443268406278,1.1822913320053976,10.0
"(1.65, 1.75]",24.367578615607208,74.456555548757,1.175865835635803,12.0
"(1.75, 1.85]",24.751881247282586,74.07867841345121,1.1694403392662083,8.0
"(1.85, 1.95]",25.136183878957965,73.70080127814542,1.1630148428966138,8.0
"(1.95, 2.05]",25.520486510633347,73.32292414283964,1.1565893465270194,5.0
"(2.05, 2.15]",25.904789142308722,72.94504700753386,1.1501638501574247,8.0
"(2.15, 2.25]",26.289091773984104,72.56716987222808,1.14373835378783,9.0
"(2.25, 2.35]",26.673394405659483,72.18929273692228,1.1373128574182356,6.0
"(2.35, 2.45]",27.05769703733486,71.8114156016165,1.1308873610486412,8.0
"(2.45, 2.55]",27.441999669010244,71.43353846631072,1.1244618646790465,11.0
"(2.55, 2.65]",27.82630230068562,71.05566133100493,1.1180363683094519,12.0
"(2.65, 2.75]",28.210604932361,70.67778419569915,1.1116108719398574,18.0
"(2.75, 2.85]",28.59490756403638,70.29990706039337,1.105185375570263,11.0
"(2.85, 2.95]",28.979210195711758,69.92202992508759,1.0987598792006683,20.0
"(2.95, 3.05]",29.363512827387137,69.54415278978179,1.0923343828310736,6.0
"(3.05, 3.15]",29.747815459062515,69.16627565447601,1.0859088864614792,6.0
"(3.15, 3.25]",30.132118090737897,68.78839851917023,1.0794833900918848,8.0
"(3.25, 3.35]",30.516420722413272,68.41052138386445,1.07305789372229,10.0
"(3.35, 3.45]",30.900723354088655,68.03264424855865,1.0666323973526954,13.0
"(3.45, 3.55]",31.285025985764033,67.65476711325287,1.060206900983101,5.0
"(3.55, 3.65]",31.66932861743941,67.27688997794709,1.0537814046135066,5.0
"(3.65, 3.75]",32.05363124911479,66.8990128426413,1.047355908243912,4.0
"(3.75, 3.85]",32.43793388079017,66.52113570733552,1.0409304118743172,5.0
"(3.85, 3.95]",32.82223651246555,66.14325857202974,1.0345049155047228,2.0
"(3.95, 4.05]",33.206539144140926,65.76538143672394,1.0280794191351283,1.0
"(4.05, 4.15]",33.59084177581631,65.38750430141816,1.0216539227655337,2.0
"(4.15, 4.25]",33.97514440749168,65.00962716611238,1.015228426395939,6.0
"(4.25, 4.35]",34.359447039167065,64.6317500308066,1.0088029300263446,8.0
"(4.35, 4.45]",34.74374967084245,64.2538728955008,1.0023774336567501,9.0
"(4.45, 4.55]",35.12805230251782,63.875995760195025,0.9959519372871555,6.0
"(4.55, 4.65]",35.5123549341932,63.498118624889244,0.9895264409175609,13.0
"(4.65, 4.75]",35.89665756586858,63.12024148958346,0.9831009445479664,21.0
"(4.75, 4.85]",36.28096019754396,62.74236435427767,0.9766754481783718,7.0
"(4.85, 4.95]",36.665262829219344,62.36448721897189,0.9702499518087773,18.0
"(4.95, 5.05]",37.04956546089472,61.9866100836661,0.9638244554391827,11.0
"(5.05, 5.15]",37.433868092570094,61.60873294836032,0.9573989590695882,27.0
"(5.15, 5.25]",37.818170724245476,61.23085581305453,0.9509734626999936,20.0
"(5.25, 5.35]",38.20247335592086,60.85297867774875,0.9445479663303991,20.0
"(5.35, 5.45]",38.58677598759623,60.475101542442964,0.9381224699608045,19.0
"(5.45, 5.55]",38.971078619271616,60.097224407137176,0.93169697359121,15.0
"(5.55, 5.65]",39.35538125094699,59.719347271831396,0.9252714772216154,10.0
"(5.65, 5.75]",39.73968388262237,59.34147013652561,0.9188459808520208,14.0
"(5.75, 5.85]",40.123986514297755,58.96359300121982,0.9124204844824263,8.0
"(5.85, 5.95]",40.50828914597313,58.58571586591404,0.9059949881128317,11.0
"(5.95, 6.05]",40.89259177764851,58.20783873060826,0.8995694917432372,3.0
"(6.05, 6.15]",41.27689440932389,57.82996159530247,0.8931439953736426,3.0
"(6.15, 6.25]",41.66119704099927,57.452084459996684,0.8867184990040481,9.0
"(6.25, 6.35]",42.04549967267465,57.0742073246909,0.8802930026344535,6.0
"(6.35, 6.45]",42.42980230435003,56.69633018938512,0.873867506264859,6.0
"(6.45, 6.55]",42.8141049360254,56.31845305407933,0.8674420098952644,8.0
"(6.55, 6.65]",43.198407567700784,55.94057591877355,0.8610165135256699,11.0
"(6.65, 6.75]",43.582710199376166,55.562698783467766,0.8545910171560753,9.0
"(6.75, 6.85]",43.96701283105155,55.18482164816198,0.8481655207864808,8.0
"(6.85, 6.95]",44.35131546272692,54.80694451285619,0.8417400244168862,7.0
"(6.95, 7.05]",44.7356180944023,54.42906737755041,0.8353145280472917,2.0
"(7.05, 7.15]",45.11992072607768,54.05119024224463,0.8288890316776971,2.0
"(7.15, 7.25]",45.50422335775306,53.673313106938835,0.8224635353081026,3.0
"(7.25, 7.35]",45.88852598942844,53.295435971633054,0.816038038938508,2.0
"(7.35, 7.45]",46.27282862110381,52.917558836327274,0.8096125425689135,3.0
"(7.45, 7.55]",46.657131252779195,52.539681701021486,0.8031870461993189,3.0
"(7.55, 7.65]",47.04143388445458,52.1618045657157,0.7967615498297244,1.0
"(7.65, 7.75]",47.42573651612996,51.78392743040992,0.7903360534601298,3.0
"(7.75, 7.85]",47.810039147805334,51.40605029510414,0.7839105570905353,7.0
"(7.85, 7.95]",48.19434177948071,51.02817315979835,0.7774850607209407,4.0
"(7.95, 8.05]",48.57864441115609,50.65029602449256,0.7710595643513461,6.0
"(8.05, 8.15]",48.96294704283147,50.27241888918678,0.7646340679817516,1.0
"(8.15, 8.25]",49.347249674506855,49.89454175388099,0.758208571612157,0.0
"(8.25, 8.35]",49.73155230618223,49.516664618575206,0.7517830752425625,1.0
"(8.35, 8.45]",50.115854937857605,49.138787483269425,0.7453575788729679,0.0
"(8.45, 8.55]",50.50015756953299,48.760910347963645,0.7389320825033734,1.0
"(8.55, 8.65]",50.88446020120837,48.38303321265785,0.7325065861337788,1.0
"(8.65, 8.75]",51.268762832883745,48.00515607735207,0.7260810897641843,1.0
"(8.75, 8.85]",51.65306546455913,47.62727894204629,0.7196555933945897,0.0
"(8.85, 8.95]",52.0373680962345,47.2494018067405,0.7132300970249952,0.0
"(8.95, 9.05]",52.421670727909884,46.87152467143472,0.7068046006554006,0.0
"(9.05, 9.15]",52.805973359585266,46.49364753612893,0.7003791042858061,1.0
"(9.15, 9.25]",53.19027599126064,46.115770400823145,0.6939536079162115,2.0
"(9.25, 9.35]",53.57457862293602,45.737893265517364,0.687528111546617,1.0
"(9.35, 9.45]",53.9588812546114,45.36001613021158,0.6811026151770224,1.0
"(9.45, 9.55]",54.34318388628678,44.982138994905796,0.6746771188074279,0.0
"(9.55, 9.65]",54.72748651796216,44.60426185960001,0.6682516224378333,1.0
"(9.65, 9.75]",55.11178914963754,44.22638472429422,0.6618261260682388,1.0
"(9.75, 9.85]",55.49609178131292,43.84850758898844,0.6554006296986442,0.0
"(9.85, 9.95]",55.880394412988295,43.47063045368266,0.6489751333290497,0.0
"(9.95, 10.05]",56.26469704466367,43.09275331837687,0.6425496369594551,2.0
"(10.05, 10.15]",56.64899967633906,42.714876183071084,0.6361241405898606,1.0
"(10.15, 10.25]",57.033302308014434,42.3369990477653,0.629698644220266,3.0
"(10.25, 10.35]",57.41760493968982,41.959121912459516,0.6232731478506714,1.0
"(10.35, 10.45]",57.80190757136519,41.581244777153735,0.6168476514810769,0.0
"(10.45, 10.55]",58.18621020304057,41.20336764184795,0.6104221551114823,0.0
"(10.55, 10.65]",58.570512834715956,40.82549050654216,0.6039966587418878,0.0
"(10.65, 10.75]",58.95481546639133,40.44761337123638,0.5975711623722932,0.0
"(10.75, 10.85]",59.339118098066706,40.06973623593059,0.5911456660026987,2.0
"(10.85, 10.95]",59.72342072974209,39.69185910062481,0.5847201696331041,1.0
"(10.95, 11.05]",60.10772336141746,39.31398196531903,0.5782946732635096,0.0
"(11.05, 11.15]",60.492025993092845,38.936104830013235,0.571869176893915,1.0
"(11.15, 11.25]",60.87632862476823,38.558227694707455,0.5654436805243205,1.0
"(11.25, 11.35]",61.2606312564436,38.18035055940167,0.5590181841547259,0.0
"(11.35, 11.45]",61.644933888118985,37.802473424095886,0.5525926877851314,0.0
"(11.45, 11.55]",62.02923651979436,37.424596288790106,0.5461671914155368,0.0
"(11.55, 11.65]",62.41353915146974,37.04671915348431,0.5397416950459423,0.0
"(11.65, 11.75]",62.797841783145124,36.66884201817853,0.5333161986763477,2.0
"(11.75, 11.85]",63.1821444148205,36.29096488287275,0.5268907023067532,0.0
"(11.85, 11.95]",63.56644704649588,35.91308774756696,0.5204652059371586,0.0
"(11.95, 12.05]",63.950749678171256,35.53521061226118,0.5140397095675641,0.0
"(12.05, 12.15]",64.33505230984665,35.157333476955394,0.5076142131979695,1.0
"(12.15, 12.25]",64.71935494152203,34.779456341649606,0.501188716828375,3.0
"(12.25, 12.35]",65.1036575731974,34.401579206343825,0.4947632204587804,0.0
"(12.35, 12.45]",65.48796020487276,34.02370207103804,0.48833772408918585,0.0
"(12.45, 12.55]",65.87226283654815,33.64582493573226,0.4819122277195913,0.0
"(12.55, 12.65]",66.25656546822353,33.26794780042647,0.47548673134999675,0.0
"(12.65, 12.75]",66.64086809989891,32.89007066512068,0.4690612349804022,0.0
"(12.75, 12.85]",67.02517073157429,32.5121935298149,0.46263573861080765,0.0
"(12.85, 12.95]",67.40947336324967,32.13431639450912,0.4562102422412131,0.0
"(12.95, 13.05]",67.79377599492506,31.756439259203333,0.44978474587161854,0.0
"(13.05, 13.15]",68.17807862660044,31.378562123897545,0.443359249502024,0.0
"(13.15, 13.25]",68.5623812582758,31.000684988591757,0.43693375313242944,0.0
"(13.25, 13.35]",68.94668388995119,30.622807853285977,0.4305082567628349,0.0
"(13.35, 13.45]",69.33098652162656,30.244930717980196,0.42408276039324033,0.0
"(13.45, 13.55]",69.71528915330194,29.86705358267441,0.4176572640236458,0.0
"(13.55, 13.65]",70.09959178497732,29.48917644736862,0.41123176765405123,0.0
"(13.65, 13.75]",70.4838944166527,29.11129931206284,0.4048062712844567,0.0
"(13.75, 13.85]",70.86819704832808,28.733422176757053,0.3983807749148621,0.0
"(13.85, 13.95]",71.25249968000347,28.355545041451272,0.39195527854526757,0.0
"(13.95, 14.05]",71.63680231167884,27.977667906145484,0.385529782175673,0.0
"(14.05, 14.15]",72.02110494335423,27.599790770839697,0.37910428580607847,0.0
"(14.15, 14.25]",72.4054075750296,27.221913635533916,0.3726787894364839,0.0
"(14.25, 14.35]",72.78971020670497,26.84403650022813,0.36625329306688936,0.0
"(14.35, 14.45]",73.17401283838035,26.466159364922348,0.3598277966972948,0.0
"(14.45, 14.55]",73.55831547005573,26.088282229616567,0.35340230032770026,0.0
"(14.55, 14.65]",73.94261810173111,25.710405094310772,0.3469768039581057,0.0
"(14.65, 14.75]",74.3269207334065,25.33252795900499,0.34055130758851115,0.0
"(14.75, 14.85]",74.71122336508188,24.95465082369921,0.3341258112189166,0.0
"(14.85, 14.95]",75.09552599675726,24.576773688393423,0.32770031484932205,0.0
"(14.95, 15.05]",75.47982862843263,24.198896553087643,0.3212748184797275,0.0
"(15.05, 15.15]",75.86413126010801,23.821019417781848,0.31484932211013295,0.0
"(15.15, 15.25]",76.24843389178339,23.443142282476067,0.3084238257405384,0.0
"(15.25, 15.35]",76.63273652345876,23.065265147170287,0.30199832937094384,0.0
"(15.35, 15.45]",77.01703915513414,22.6873880118645,0.2955728330013493,0.0
"(15.45, 15.55]",77.40134178680952,22.30951087655872,0.28914733663175474,0.0
"(15.55, 15.65]",77.7856444184849,21.93163374125293,0.2827218402621602,0.0
"(15.65, 15.75]",78.16994705016029,21.553756605947143,0.27629634389256563,0.0
"(15.75, 15.85]",78.55424968183567,21.175879470641362,0.2698708475229711,0.0
"(15.85, 15.95]",78.93855231351105,20.798002335335575,0.26344535115337653,0.0
"(15.95, 16.05]",79.32285494518642,20.420125200029794,0.2570198547837821,0.0
"(16.05, 16.15]",79.7071575768618,20.042248064724006,0.2505943584141874,0.0
"(16.15, 16.25]",80.09146020853717,19.664370929418226,0.24416886204459298,0.0
"(16.25, 16.35]",80.47576284021255,19.286493794112438,0.23774336567499832,0.0
"(16.35, 16.45]",80.86006547188794,18.90861665880665,0.23131786930540366,0.0
"(16.45, 16.55]",81.24436810356332,18.53073952350087,0.22489237293580921,0.0
"(16.55, 16.65]",81.6286707352387,18.152862388195082,0.21846687656621455,0.0
"(16.65, 16.75]",82.01297336691408,17.7749852528893,0.2120413801966201,0.0
"(16.75, 16.85]",82.39727599858946,17.397108117583514,0.20561588382702567,0.0
"(16.85, 16.95]",82.78157863026485,17.019230982277726,0.199190387457431,0.0
"(16.95, 17.05]",83.1658812619402,16.641353846971946,0.19276489108783657,0.0
"(17.05, 17.15]",83.55018389361558,16.263476711666158,0.1863393947182419,0.0
"(17.15, 17.25]",83.93448652529096,15.885599576360384,0.17991389834864746,0.0
"(17.25, 17.35]",84.31878915696635,15.507722441054597,0.1734884019790528,0.0
"(17.35, 17.45]",84.70309178864173,15.129845305748802,0.16706290560945813,0.0
"(17.45, 17.55]",85.08739442031711,14.751968170443021,0.1606374092398637,0.0
"(17.55, 17.65]",85.47169705199249,14.37409103513724,0.15421191287026903,0.0
"(17.65, 17.75]",85.85599968366787,13.99621389983146,0.1477864165006746,0.0
"(17.75, 17.85]",86.24030231534326,13.618336764525665,0.14136092013107993,0.0
"(17.85, 17.95]",86.62460494701864,13.240459629219885,0.13493542376148548,0.0
"(17.95, 18.05]",87.008907578694,12.862582493914104,0.12850992739189104,0.0
"(18.05, 18.15]",87.39321021036938,12.48470535860831,0.12208443102229638,0.0
"(18.15, 18.25]",87.77751284204476,12.106828223302529,0.11565893465270194,0.0
"(18.25, 18.35]",88.16181547372014,11.728951087996748,0.10923343828310728,0.0
"(18.35, 18.45]",88.54611810539552,11.351073952690953,0.10280794191351261,0.0
"(18.45, 18.55]",88.9304207370709,10.973196817385173,0.09638244554391817,0.0
"(18.55, 18.65]",89.31472336874629,10.595319682079392,0.08995694917432351,0.0
"(18.65, 18.75]",89.69902600042167,10.217442546773611,0.08353145280472907,0.0
"(18.75, 18.85]",90.08332863209705,9.839565411467817,0.07710595643513463,0.0
"(18.85, 18.95]",90.46763126377243,9.461688276162036,0.07068046006553996,0.0
"(18.95, 19.05]",90.85193389544779,9.083811140856255,0.06425496369594552,0.0
"(19.05, 19.15]",91.23623652712317,8.70593400555046,0.05782946732635086,0.0
"(19.15, 19.25]",91.62053915879855,8.328056870244694,0.05140397095675642,0.0
"(19.25, 19.35]",92.00484179047393,7.950179734938899,0.044978474587161754,0.0
"(19.35, 19.45]",92.38914442214931,7.572302599633105,0.03855297821756709,0.0
"(19.45, 19.55]",92.7734470538247,7.194425464327338,0.03212748184797265,0.0
"(19.55, 19.65]",93.15774968550008,6.816548329021543,0.025701985478377987,0.0
"(19.65, 19.75]",93.54205231717543,6.438671193715763,0.019276489108783545,0.0
"(19.75, 19.85]",93.92635494885084,6.060794058409982,0.012850992739188882,0.0
"(19.85, 19.95]",94.31065758052623,5.682916923104187,0.006425496369594441,0.0
"(19.95, 20.05]",94.6949602122016,5.305039787798409,0.0,377.0
"(20.05, ∞)",95.0,5.0,0.0,101.0
