Interval,WinningChance,DrawingChance,LosingChance,TotalGames
"(-∞, -20.05]",0.0,4.137931034482759,95.86206896551724,101.0
"(-20.05, -19.95]",0.0,4.137931034482759,95.86206896551724,435.0
"(-19.95, -19.85]",0.0052511815158411395,4.526518466655003,95.46823035182915,0.0
"(-19.85, -19.75]",0.010502363031682092,4.915105898827234,95.07439173814109,0.0
"(-19.75, -19.65]",0.015753544547523233,5.303693330999478,94.680553124453,0.0
"(-19.65, -19.55]",0.02100472606336437,5.6922807631717225,94.28671451076491,0.0
"(-19.55, -19.45]",0.026255907579205325,6.080868195343953,93.89287589707683,0.0
"(-19.45, -19.35]",0.031507089095046466,6.469455627516197,93.49903728338876,0.0
"(-19.35, -19.25]",0.03675827061088742,6.858043059688427,93.10519866970068,0.0
"(-19.25, -19.15]",0.042009452126728554,7.246630491860672,92.7113600560126,0.0
"(-19.15, -19.05]",0.047260633642569695,7.635217924032916,92.3175214423245,0.0
"(-19.05, -18.95]",0.05251181515841065,8.023805356205147,91.92368282863644,0.0
"(-18.95, -18.85]",0.05776299667425179,8.41239278837739,91.52984421494835,0.0
"(-18.85, -18.75]",0.06301417819009274,8.800980220549622,91.13600560126028,0.0
"(-18.75, -18.65]",0.06826535970593388,9.189567652721866,90.7421669875722,0.0
"(-18.65, -18.55]",0.07351654122177502,9.57815508489411,90.34832837388412,0.0
"(-18.55, -18.45]",0.07876772273761598,9.96674251706634,89.95448976019604,0.0
"(-18.45, -18.35]",0.08401890425345711,10.355329949238584,89.56065114650795,0.0
"(-18.35, -18.25]",0.08927008576929807,10.743917381410816,89.16681253281989,0.0
"(-18.25, -18.15]",0.09452126728513921,11.13250481358306,88.7729739191318,0.0
"(-18.15, -18.05]",0.09977244880098035,11.521092245755304,88.37913530544371,0.0
"(-18.05, -17.95]",0.1050236303168213,11.909679677927535,87.98529669175565,0.0
"(-17.95, -17.85]",0.11027481183266244,12.29826711009978,87.59145807806756,0.0
"(-17.85, -17.75]",0.11552599334850339,12.686854542272009,87.19761946437949,0.0
"(-17.75, -17.65]",0.12077717486434453,13.075441974444253,86.8037808506914,0.0
"(-17.65, -17.55]",0.12602835638018567,13.464029406616497,86.40994223700332,0.0
"(-17.55, -17.45]",0.13127953789602662,13.852616838788727,86.01610362331525,0.0
"(-17.45, -17.35]",0.13653071941186776,14.24120427096097,85.62226500962716,0.0
"(-17.35, -17.25]",0.1417819009277087,14.629791703133204,85.22842639593908,0.0
"(-17.25, -17.15]",0.14703308244354985,15.018379135305448,84.834587782251,0.0
"(-17.15, -17.05]",0.152284263959391,15.406966567477692,84.44074916856292,0.0
"(-17.05, -16.95]",0.15753544547523196,15.795553999649922,84.04691055487484,0.0
"(-16.95, -16.85]",0.16278662699107307,16.184141431822166,83.65307194118677,0.0
"(-16.85, -16.75]",0.16803780850691405,16.572728863994396,83.25923332749869,0.0
"(-16.75, -16.65]",0.1732889900227552,16.96131629616664,82.8653947138106,0.0
"(-16.65, -16.55]",0.17854017153859633,17.349903728338884,82.47155610012251,0.0
"(-16.55, -16.45]",0.18379135305443728,17.738491160511117,82.07771748643445,0.0
"(-16.45, -16.35]",0.18904253457027842,18.12707859268336,81.68387887274636,0.0
"(-16.35, -16.25]",0.19429371608611937,18.51566602485559,81.29004025905829,0.0
"(-16.25, -16.15]",0.1995448976019605,18.904253457027835,80.89620164537021,0.0
"(-16.15, -16.05]",0.20479607911780165,19.29284088920008,80.50236303168212,0.0
"(-16.05, -15.95]",0.2100472606336426,19.68142832137231,80.10852441799405,0.0
"(-15.95, -15.85]",0.21529844214948374,20.070015753544553,79.71468580430596,0.0
"(-15.85, -15.75]",0.2205496236653248,20.45860318571679,79.32084719061788,0.0
"(-15.75, -15.65]",0.22580080518116583,20.847190617889026,78.92700857692981,0.0
"(-15.65, -15.55]",0.23105198669700688,21.235778050061263,78.53316996324173,0.0
"(-15.55, -15.45]",0.2363031682128479,21.624365482233504,78.13933134955366,0.0
"(-15.45, -15.35]",0.24155434972868906,22.012952914405748,77.74549273586557,0.0
"(-15.35, -15.25]",0.2468055312445301,22.401540346577985,77.35165412217748,0.0
"(-15.25, -15.15]",0.25205671276037117,22.79012777875022,76.9578155084894,0.0
"(-15.15, -15.05]",0.2573078942762122,23.17871521092246,76.56397689480133,0.0
"(-15.05, -14.95]",0.26255907579205323,23.567302643094695,76.17013828111325,0.0
"(-14.95, -14.85]",0.2678102573078944,23.95589007526694,75.77629966742516,0.0
"(-14.85, -14.75]",0.27306143882373546,24.344477507439176,75.38246105373709,0.0
"(-14.75, -14.65]",0.2783126203395765,24.733064939611417,74.988622440049,0.0
"(-14.65, -14.55]",0.2835638018554175,25.121652371783654,74.59478382636092,0.0
"(-14.55, -14.45]",0.28881498337125855,25.51023980395589,74.20094521267285,0.0
"(-14.45, -14.35]",0.2940661648870997,25.898827236128135,73.80710659898477,0.0
"(-14.35, -14.25]",0.2993173464029408,26.28741466830037,73.41326798529668,0.0
"(-14.25, -14.15]",0.3045685279187818,26.67600210047261,73.01942937160861,0.0
"(-14.15, -14.05]",0.30981970943462284,27.064589532644845,72.62559075792053,0.0
"(-14.05, -13.95]",0.3150708909504639,27.453176964817086,72.23175214423244,0.0
"(-13.95, -13.85]",0.320322072466305,27.84176439698933,71.83791353054437,0.0
"(-13.85, -13.75]",0.3255732539821461,28.230351829161567,71.4440749168563,0.0
"(-13.75, -13.65]",0.3308244354979871,28.618939261333804,71.0502363031682,0.0
"(-13.65, -13.55]",0.33607561701382815,29.00752669350604,70.65639768948013,1.0
"(-13.55, -13.45]",0.34132679852966924,29.396114125678277,70.26255907579205,2.0
"(-13.45, -13.35]",0.3465779800455104,29.78470155785052,69.86872046210397,0.0
"(-13.35, -13.25]",0.3518291615613514,30.17328899002276,69.47488184841589,0.0
"(-13.25, -13.15]",0.35708034307719244,30.561876422194995,69.08104323472782,2.0
"(-13.15, -13.05]",0.36233152459303347,30.950463854367236,68.68720462103974,0.0
"(-13.05, -12.95]",0.36758270610887456,31.339051286539473,68.29336600735165,3.0
"(-12.95, -12.85]",0.3728338876247157,31.727638718711717,67.89952739366356,2.0
"(-12.85, -12.75]",0.37808506914055673,32.11622615088395,67.50568877997549,2.0
"(-12.75, -12.65]",0.38333625065639776,32.50481358305619,67.11185016628741,0.0
"(-12.65, -12.55]",0.38858743217223884,32.89340101522843,66.71801155259934,1.0
"(-12.55, -12.45]",0.3938386136880799,33.281988447400664,66.32417293891126,1.0
"(-12.45, -12.35]",0.399089795203921,33.67057587957291,65.93033432522317,2.0
"(-12.35, -12.25]",0.40434097671976205,34.05916331174515,65.5364957115351,0.0
"(-12.25, -12.15]",0.4095921582356031,34.44775074391739,65.142657097847,0.0
"(-12.15, -12.05]",0.41484333975144416,34.836338176089626,64.74881848415893,0.0
"(-12.05, -11.95]",0.4200945212672852,35.22492560826186,64.35497987047086,0.0
"(-11.95, -11.85]",0.42534570278312633,35.61351304043411,63.96114125678277,0.0
"(-11.85, -11.75]",0.43059688429896736,36.002100472606344,63.56730264309469,0.0
"(-11.75, -11.65]",0.43584806581480845,36.39068790477858,63.17346402940662,0.0
"(-11.65, -11.55]",0.4410992473306495,36.77927533695082,62.779625415718534,4.0
"(-11.55, -11.45]",0.4463504288464905,37.167862769123055,62.38578680203046,2.0
"(-11.45, -11.35]",0.45160161036233165,37.5564502012953,61.99194818834237,0.0
"(-11.35, -11.25]",0.4568527918781727,37.945037633467535,61.598109574654295,0.0
"(-11.25, -11.15]",0.46210397339401377,38.33362506563977,61.20427096096621,0.0
"(-11.15, -11.05]",0.4673551549098548,38.722212497812016,60.81043234727814,1.0
"(-11.05, -10.95]",0.4726063364256958,39.11079992998425,60.41659373359006,1.0
"(-10.95, -10.85]",0.47785751794153697,39.4993873621565,60.02275511990197,1.0
"(-10.85, -10.75]",0.48310869945737805,39.887974794328734,59.6289165062139,0.0
"(-10.75, -10.65]",0.4883598809732191,40.27656222650097,59.235077892525815,2.0
"(-10.65, -10.55]",0.4936110624890601,40.66514965867321,58.84123927883774,0.0
"(-10.55, -10.45]",0.49886224400490115,41.053737090845445,58.44740066514966,0.0
"(-10.45, -10.35]",0.5041134255207423,41.44232452301769,58.053562051461576,0.0
"(-10.35, -10.25]",0.5093646070365834,41.830911955189926,57.65972343777349,2.0
"(-10.25, -10.15]",0.5146157885524244,42.21949938736216,57.26588482408542,0.0
"(-10.15, -10.05]",0.5198669700682654,42.6080868195344,56.872046210397336,1.0
"(-10.05, -9.95]",0.5251181515841065,42.99667425170664,56.47820759670926,2.0
"(-9.95, -9.85]",0.5303693330999476,43.38526168387888,56.08436898302118,3.0
"(-9.85, -9.75]",0.5356205146157886,43.77384911605112,55.690530369333096,1.0
"(-9.75, -9.65]",0.5408716961316298,44.162436548223354,55.29669175564502,3.0
"(-9.65, -9.55]",0.5461228776474708,44.55102398039559,54.90285314195694,4.0
"(-9.55, -9.45]",0.5513740591633118,44.939611412567835,54.509014528268864,1.0
"(-9.45, -9.35]",0.556625240679153,45.32819884474008,54.115175914580774,0.0
"(-9.35, -9.25]",0.561876422194994,45.716786276912316,53.7213373008927,0.0
"(-9.25, -9.15]",0.567127603710835,46.10537370908455,53.32749868720462,2.0
"(-9.15, -9.05]",0.5723787852266761,46.49396114125679,52.93366007351654,3.0
"(-9.05, -8.95]",0.5776299667425171,46.88254857342903,52.53982145982846,0.0
"(-8.95, -8.85]",0.5828811482583582,47.27113600560127,52.14598284614038,2.0
"(-8.85, -8.75]",0.5881323297741994,47.65972343777351,51.7521442324523,5.0
"(-8.75, -8.65]",0.5933835112900404,48.048310869945745,51.35830561876422,2.0
"(-8.65, -8.55]",0.5986346928058814,48.43689830211798,50.964467005076145,6.0
"(-8.55, -8.45]",0.6038858743217225,48.82548573429022,50.57062839138806,6.0
"(-8.45, -8.35]",0.6091370558375636,49.21407316646246,50.17678977769998,6.0
"(-8.35, -8.25]",0.6143882373534046,49.6026605986347,49.7829511640119,7.0
"(-8.25, -8.15]",0.6196394188692457,49.991248030806936,49.38911255032382,4.0
"(-8.15, -8.05]",0.6248906003850867,50.37983546297917,48.99527393663574,4.0
"(-8.05, -7.95]",0.6301417819009278,50.76842289515142,48.601435322947665,5.0
"(-7.95, -7.85]",0.6353929634167689,51.15701032732366,48.20759670925958,9.0
"(-7.85, -7.75]",0.64064414493261,51.5455977594959,47.8137580955715,6.0
"(-7.75, -7.65]",0.645895326448451,51.934185191668135,47.419919481883426,4.0
"(-7.65, -7.55]",0.6511465079642921,52.32277262384037,47.02608086819534,6.0
"(-7.55, -7.45]",0.6563976894801331,52.71136005601261,46.63224225450727,11.0
"(-7.45, -7.35]",0.6616488709959742,53.09994748818485,46.23840364081918,3.0
"(-7.35, -7.25]",0.6669000525118153,53.48853492035709,45.844565027131104,10.0
"(-7.25, -7.15]",0.6721512340276563,53.87712235252933,45.45072641344302,8.0
"(-7.15, -7.05]",0.6774024155434973,54.26570978470156,45.056887799754946,5.0
"(-7.05, -6.95]",0.6826535970593385,54.6542972168738,44.66304918606687,10.0
"(-6.95, -6.85]",0.6879047785751796,55.042884649046044,44.26921057237878,9.0
"(-6.85, -6.75]",0.6931559600910207,55.43147208121828,43.87537195869071,4.0
"(-6.75, -6.65]",0.6984071416068617,55.82005951339052,43.481533345002624,6.0
"(-6.65, -6.55]",0.7036583231227027,56.208646945562755,43.08769473131455,10.0
"(-6.55, -6.45]",0.7089095046385437,56.59723437773499,42.69385611762647,8.0
"(-6.45, -6.35]",0.7141606861543849,56.985821809907236,42.300017503938385,8.0
"(-6.35, -6.25]",0.7194118676702259,57.37440924207948,41.9061788902503,13.0
"(-6.25, -6.15]",0.7246630491860669,57.76299667425172,41.51234027656223,10.0
"(-6.15, -6.05]",0.7299142307019081,58.151584106423954,41.118501662874145,7.0
"(-6.05, -5.95]",0.7351654122177491,58.54017153859619,40.72466304918607,8.0
"(-5.95, -5.85]",0.7404165937335903,58.928758970768435,40.33082443549799,11.0
"(-5.85, -5.75]",0.7456677752494313,59.31734640294067,39.936985821809905,14.0
"(-5.75, -5.65]",0.7509189567652723,59.70593383511291,39.54314720812183,15.0
"(-5.65, -5.55]",0.7561701382811133,60.094521267285145,39.14930859443375,24.0
"(-5.55, -5.45]",0.7614213197969544,60.48310869945738,38.75546998074567,23.0
"(-5.45, -5.35]",0.7666725013127955,60.871696131629626,38.36163136705758,31.0
"(-5.35, -5.25]",0.7719236828286365,61.26028356380186,37.96779275336951,25.0
"(-5.25, -5.15]",0.7771748643444777,61.6488709959741,37.573954139681426,25.0
"(-5.15, -5.05]",0.7824260458603187,62.03745842814634,37.18011552599335,31.0
"(-5.05, -4.95]",0.7876772273761597,62.426045860318574,36.78627691230527,27.0
"(-4.95, -4.85]",0.7929284088920009,62.81463329249082,36.392438298617186,31.0
"(-4.85, -4.75]",0.7981795904078419,63.203220724663055,35.99859968492911,28.0
"(-4.75, -4.65]",0.803430771923683,63.5918081568353,35.60476107124103,32.0
"(-4.65, -4.55]",0.808681953439524,63.980395589007536,35.210922457552954,20.0
"(-4.55, -4.45]",0.813933134955365,64.36898302117977,34.81708384386487,15.0
"(-4.45, -4.35]",0.8191843164712062,64.75757045335202,34.42324523017679,18.0
"(-4.35, -4.25]",0.8244354979870473,65.14615788552425,34.02940661648871,11.0
"(-4.25, -4.15]",0.8296866795028883,65.53474531769649,33.63556800280063,15.0
"(-4.15, -4.05]",0.8349378610187294,65.92333274986872,33.24172938911255,10.0
"(-4.05, -3.95]",0.8401890425345704,66.31192018204096,32.847890775424474,10.0
"(-3.95, -3.85]",0.8454402240504115,66.70050761421321,32.45405216173639,17.0
"(-3.85, -3.75]",0.8506914055662524,67.08909504638544,32.06021354804832,18.0
"(-3.75, -3.65]",0.8559425870820936,67.47768247855768,31.666374934360235,7.0
"(-3.65, -3.55]",0.8611937685979347,67.86626991072993,31.272536320672145,8.0
"(-3.55, -3.45]",0.8664449501137758,68.25485734290216,30.87869770698407,11.0
"(-3.45, -3.35]",0.8716961316296169,68.6434447750744,30.484859093295995,7.0
"(-3.35, -3.25]",0.8769473131454578,69.03203220724663,30.09102047960792,16.0
"(-3.25, -3.15]",0.882198494661299,69.42061963941887,29.69718186591983,6.0
"(-3.15, -3.05]",0.8874496761771401,69.80920707159112,29.30334325223174,5.0
"(-3.05, -2.95]",0.892700857692981,70.19779450376335,28.90950463854368,11.0
"(-2.95, -2.85]",0.8979520392088222,70.58638193593559,28.51566602485559,6.0
"(-2.85, -2.75]",0.9032032207246631,70.97496936810782,28.121827411167516,4.0
"(-2.75, -2.65]",0.9084544022405042,71.36355680028007,27.72798879747944,25.0
"(-2.65, -2.55]",0.9137055837563454,71.75214423245231,27.33415018379135,14.0
"(-2.55, -2.45]",0.9189567652721864,72.14073166462454,26.940311570103276,22.0
"(-2.45, -2.35]",0.9242079467880275,72.52931909679678,26.546472956415187,17.0
"(-2.35, -2.25]",0.9294591283038685,72.91790652896903,26.152634342727126,16.0
"(-2.25, -2.15]",0.9347103098197096,73.30649396114127,25.758795729039036,16.0
"(-2.15, -2.05]",0.9399614913355507,73.69508139331352,25.364957115350947,17.0
"(-2.05, -1.95]",0.9452126728513917,74.08366882548574,24.971118501662886,14.0
"(-1.95, -1.85]",0.9504638543672328,74.47225625765799,24.577279887974797,10.0
"(-1.85, -1.75]",0.9557150358830738,74.86084368983022,24.18344127428672,20.0
"(-1.75, -1.65]",0.960966217398915,75.24943112200246,23.789602660598632,14.0
"(-1.65, -1.55]",0.9662173989147561,75.6380185541747,23.395764046910557,26.0
"(-1.55, -1.45]",0.971468580430597,76.02660598634694,23.001925433222482,16.0
"(-1.45, -1.35]",0.9767197619464382,76.41519341851918,22.608086819534392,9.0
"(-1.35, -1.25]",0.9819709434622791,76.80378085069141,22.214248205846317,9.0
"(-1.25, -1.15]",0.9872221249781202,77.19236828286365,21.820409592158242,7.0
"(-1.15, -1.05]",0.9924733064939614,77.5809557150359,21.426570978470153,9.0
"(-1.05, -0.95]",0.9977244880098023,77.96954314720813,21.032732364782078,18.0
"(-0.95, -0.85]",1.0029756695256435,78.35813057938037,20.638893751094002,18.0
"(-0.85, -0.75]",1.0082268510414845,78.7467180115526,20.245055137405927,20.0
"(-0.75, -0.65]",1.0134780325573256,79.13530544372485,19.851216523717838,5.0
"(-0.65, -0.55]",1.0187292140731667,79.52389287589709,19.45737791002975,14.0
"(-0.55, -0.45]",1.0239803955890077,79.91248030806932,19.063539296341688,18.0
"(-0.45, -0.35]",1.0292315771048488,80.30106774024156,18.6697006826536,96.0
"(-0.35, -0.25]",1.0344827586206897,80.6896551724138,18.275862068965516,290.0
"(-0.25, -0.15]",1.5665796344647518,76.76240208877284,21.671018276762403,383.0
"(-0.15, -0.05]",3.9292730844793713,77.01375245579568,19.05697445972495,509.0
"(-0.05, 0.05]",6.237942122186495,88.64951768488746,5.112540192926045,6220.0
"(0.05, 0.15]",16.24790619765494,80.40201005025126,3.350083752093802,597.0
"(0.15, 0.25]",25.17321016166282,73.21016166281755,1.6166281755196306,433.0
"(0.25, 0.35]",18.650793650793652,79.76190476190477,1.5873015873015872,252.0
"(0.35, 0.45]",19.02168897092755,79.39804132697535,1.5802697020971133,62.0
"(0.45, 0.55]",19.39258429106145,79.03417789204592,1.573237816892639,30.0
"(0.55, 0.65]",19.76347961119535,78.6703144571165,1.5662059316881651,18.0
"(0.65, 0.75]",20.134374931329248,78.30645102218708,1.5591740464836912,14.0
"(0.75, 0.85]",20.505270251463145,77.94258758725765,1.552142161279217,20.0
"(0.85, 0.95]",20.876165571597046,77.57872415232822,1.545110276074743,16.0
"(0.95, 1.05]",21.247060891730943,77.2148607173988,1.5380783908702689,14.0
"(1.05, 1.15]",21.617956211864843,76.85099728246938,1.531046505665795,14.0
"(1.15, 1.25]",21.98885153199874,76.48713384753995,1.524014620461321,17.0
"(1.25, 1.35]",22.35974685213264,76.12327041261052,1.5169827352568468,19.0
"(1.35, 1.45]",22.73064217226654,75.7594069776811,1.5099508500523728,10.0
"(1.45, 1.55]",23.10153749240044,75.39554354275168,1.5029189648478987,16.0
"(1.55, 1.65]",23.472432812534336,75.03168010782225,1.4958870796434247,19.0
"(1.65, 1.75]",23.843328132668233,74.66781667289283,1.4888551944389508,21.0
"(1.75, 1.85]",24.214223452802134,74.3039532379634,1.4818233092344766,19.0
"(1.85, 1.95]",24.585118772936035,73.94008980303397,1.4747914240300026,23.0
"(1.95, 2.05]",24.956014093069932,73.57622636810456,1.4677595388255287,13.0
"(2.05, 2.15]",25.32690941320383,73.21236293317513,1.4607276536210545,21.0
"(2.15, 2.25]",25.69780473333773,72.8484994982457,1.4536957684165805,18.0
"(2.25, 2.35]",26.06870005347163,72.48463606331627,1.4466638832121066,8.0
"(2.35, 2.45]",26.439595373605528,72.12077262838685,1.4396319980076324,20.0
"(2.45, 2.55]",26.810490693739425,71.75690919345743,1.4326001128031585,18.0
"(2.55, 2.65]",27.181386013873322,71.393045758528,1.4255682275986843,15.0
"(2.65, 2.75]",27.552281334007226,71.02918232359858,1.4185363423942103,20.0
"(2.75, 2.85]",27.923176654141123,70.66531888866915,1.4115044571897364,26.0
"(2.85, 2.95]",28.29407197427502,70.30145545373972,1.4044725719852622,18.0
"(2.95, 3.05]",28.66496729440892,69.9375920188103,1.3974406867807883,16.0
"(3.05, 3.15]",29.03586261454282,69.57372858388088,1.390408801576314,12.0
"(3.15, 3.25]",29.40675793467672,69.20986514895145,1.3833769163718401,6.0
"(3.25, 3.35]",29.777653254810616,68.84600171402202,1.3763450311673662,13.0
"(3.35, 3.45]",30.148548574944517,68.48213827909261,1.369313145962892,17.0
"(3.45, 3.55]",30.519443895078417,68.11827484416318,1.362281260758418,18.0
"(3.55, 3.65]",30.890339215212315,67.75441140923375,1.355249375553944,18.0
"(3.65, 3.75]",31.26123453534621,67.39054797430433,1.34821749034947,25.0
"(3.75, 3.85]",31.63212985548011,67.02668453937491,1.341185605144996,21.0
"(3.85, 3.95]",32.00302517561401,66.66282110444548,1.334153719940522,18.0
"(3.95, 4.05]",32.37392049574791,66.29895766951606,1.3271218347360478,12.0
"(4.05, 4.15]",32.74481581588181,65.93509423458663,1.3200899495315739,20.0
"(4.15, 4.25]",33.115711136015705,65.5712307996572,1.3130580643270997,13.0
"(4.25, 4.35]",33.4866064561496,65.20736736472779,1.3060261791226258,14.0
"(4.35, 4.45]",33.8575017762835,64.84350392979836,1.2989942939181518,20.0
"(4.45, 4.55]",34.2283970964174,64.47964049486893,1.2919624087136776,15.0
"(4.55, 4.65]",34.5992924165513,64.1157770599395,1.2849305235092037,17.0
"(4.65, 4.75]",34.970187736685205,63.751913625010076,1.2778986383047295,31.0
"(4.75, 4.85]",35.3410830568191,63.388050190080655,1.2708667531002555,31.0
"(4.85, 4.95]",35.711978376953,63.024186755151234,1.2638348678957816,28.0
"(4.95, 5.05]",36.082873697086896,62.660323320221806,1.2568029826913074,24.0
"(5.05, 5.15]",36.45376901722079,62.29645988529238,1.2497710974868335,33.0
"(5.15, 5.25]",36.8246643373547,61.93259645036295,1.2427392122823595,29.0
"(5.25, 5.35]",37.195559657488594,61.56873301543353,1.2357073270778853,29.0
"(5.35, 5.45]",37.56645497762249,61.20486958050411,1.2286754418734114,27.0
"(5.45, 5.55]",37.937350297756396,60.84100614557468,1.2216435566689374,25.0
"(5.55, 5.65]",38.30824561789029,60.47714271064525,1.2146116714644632,19.0
"(5.65, 5.75]",38.67914093802419,60.11327927571583,1.2075797862599893,11.0
"(5.75, 5.85]",39.05003625815809,59.74941584078641,1.2005479010555153,21.0
"(5.85, 5.95]",39.420931578291984,59.385552405856984,1.1935160158510412,14.0
"(5.95, 6.05]",39.79182689842588,59.021688970927556,1.186484130646567,10.0
"(6.05, 6.15]",40.16272221855978,58.65782553599813,1.179452245442093,21.0
"(6.15, 6.25]",40.53361753869368,58.29396210106871,1.172420360237619,21.0
"(6.25, 6.35]",40.90451285882758,57.93009866613929,1.165388475033145,9.0
"(6.35, 6.45]",41.275408178961484,57.56623523120986,1.158356589828671,11.0
"(6.45, 6.55]",41.64630349909538,57.20237179628043,1.151324704624197,7.0
"(6.55, 6.65]",42.01719881922928,56.83850836135101,1.1442928194197228,8.0
"(6.65, 6.75]",42.388094139363176,56.47464492642158,1.1372609342152489,11.0
"(6.75, 6.85]",42.75898945949707,56.11078149149216,1.130229049010775,7.0
"(6.85, 6.95]",43.12988477963097,55.746918056562734,1.1231971638063007,1.0
"(6.95, 7.05]",43.500780099764874,55.383054621633306,1.1161652786018268,10.0
"(7.05, 7.15]",43.87167541989877,55.019191186703885,1.1091333933973528,4.0
"(7.15, 7.25]",44.242570740032676,54.65532775177446,1.1021015081928787,3.0
"(7.25, 7.35]",44.61346606016657,54.29146431684504,1.0950696229884047,5.0
"(7.35, 7.45]",44.98436138030047,53.92760088191561,1.0880377377839308,1.0
"(7.45, 7.55]",45.35525670043437,53.56373744698618,1.0810058525794566,5.0
"(7.55, 7.65]",45.726152020568264,53.19987401205676,1.0739739673749824,9.0
"(7.65, 7.75]",46.09704734070217,52.83601057712734,1.0669420821705085,2.0
"(7.75, 7.85]",46.467942660836066,52.47214714219791,1.0599101969660345,2.0
"(7.85, 7.95]",46.83883798096996,52.108283707268484,1.0528783117615603,2.0
"(7.95, 8.05]",47.20973330110387,51.744420272339056,1.0458464265570864,7.0
"(8.05, 8.15]",47.580628621237764,51.380556837409635,1.0388145413526124,1.0
"(8.15, 8.25]",47.95152394137166,51.016693402480215,1.0317826561481382,1.0
"(8.25, 8.35]",48.32241926150556,50.65282996755079,1.0247507709436643,8.0
"(8.35, 8.45]",48.693314581639456,50.28896653262136,1.0177188857391903,2.0
"(8.45, 8.55]",49.06420990177335,49.92510309769194,1.0106870005347162,8.0
"(8.55, 8.65]",49.43510522190726,49.56123966276251,1.003655115330242,2.0
"(8.65, 8.75]",49.806000542041154,49.19737622783309,0.9966232301257681,3.0
"(8.75, 8.85]",50.17689586217505,48.83351279290366,0.9895913449212941,5.0
"(8.85, 8.95]",50.54779118230895,48.469649357974234,0.9825594597168201,3.0
"(8.95, 9.05]",50.918686502442846,48.10578592304482,0.9755275745123461,2.0
"(9.05, 9.15]",51.28958182257675,47.741922488115385,0.968495689307872,2.0
"(9.15, 9.25]",51.66047714271065,47.378059053185964,0.9614638041033979,3.0
"(9.25, 9.35]",52.031372462844544,47.01419561825654,0.9544319188989239,1.0
"(9.35, 9.45]",52.40226778297844,46.650332183327116,0.9474000336944499,2.0
"(9.45, 9.55]",52.77316310311234,46.28646874839769,0.9403681484899759,6.0
"(9.55, 9.65]",53.14405842324624,45.92260531346826,0.9333362632855018,3.0
"(9.65, 9.75]",53.51495374338015,45.55874187853884,0.9263043780810277,1.0
"(9.75, 9.85]",53.885849063514044,45.19487844360941,0.9192724928765538,1.0
"(9.85, 9.95]",54.25674438364794,44.83101500867999,0.9122406076720797,2.0
"(9.95, 10.05]",54.62763970378184,44.46715157375057,0.9052087224676058,1.0
"(10.05, 10.15]",54.99853502391574,44.103288138821135,0.8981768372631316,1.0
"(10.15, 10.25]",55.36943034404964,43.739424703891714,0.8911449520586576,1.0
"(10.25, 10.35]",55.74032566418354,43.37556126896229,0.8841130668541836,0.0
"(10.35, 10.45]",56.111220984317434,43.011697834032866,0.8770811816497095,1.0
"(10.45, 10.55]",56.48211630445133,42.647834399103445,0.8700492964452355,0.0
"(10.55, 10.65]",56.853011624585235,42.28397096417401,0.8630174112407614,0.0
"(10.65, 10.75]",57.22390694471913,41.92010752924459,0.8559855260362874,2.0
"(10.75, 10.85]",57.59480226485303,41.55624409431517,0.8489536408318133,3.0
"(10.85, 10.95]",57.96569758498693,41.19238065938574,0.8419217556273394,4.0
"(10.95, 11.05]",58.336592905120824,40.82851722445632,0.8348898704228653,2.0
"(11.05, 11.15]",58.70748822525473,40.46465378952689,0.8278579852183913,0.0
"(11.15, 11.25]",59.078383545388625,40.100790354597464,0.8208261000139172,1.0
"(11.25, 11.35]",59.44927886552252,39.73692691966804,0.8137942148094433,0.0
"(11.35, 11.45]",59.82017418565642,39.373063484738616,0.8067623296049692,2.0
"(11.45, 11.55]",60.19106950579032,39.009200049809195,0.7997304444004951,3.0
"(11.55, 11.65]",60.56196482592422,38.64533661487977,0.7926985591960211,1.0
"(11.65, 11.75]",60.93286014605812,38.28147317995034,0.785666673991547,0.0
"(11.75, 11.85]",61.303755466192015,37.91760974502092,0.778634788787073,2.0
"(11.85, 11.95]",61.67465078632591,37.55374631009149,0.771602903582599,3.0
"(11.95, 12.05]",62.04554610645981,37.18988287516207,0.764571018378125,4.0
"(12.05, 12.15]",62.416441426593714,36.82601944023264,0.7575391331736508,1.0
"(12.15, 12.25]",62.78733674672761,36.462156005303214,0.7505072479691769,1.0
"(12.25, 12.35]",63.15823206686151,36.09829257037379,0.7434753627647028,0.0
"(12.35, 12.45]",63.52912738699541,35.73442913544437,0.7364434775602288,2.0
"(12.45, 12.55]",63.90002270712931,35.370565700514945,0.7294115923557548,3.0
"(12.55, 12.65]",64.2709180272632,35.00670226558552,0.7223797071512806,2.0
"(12.65, 12.75]",64.64181334739712,34.642838830656096,0.7153478219468067,3.0
"(12.75, 12.85]",65.012708667531,34.27897539572667,0.7083159367423326,0.0
"(12.85, 12.95]",65.38360398766491,33.91511196079725,0.7012840515378587,2.0
"(12.95, 13.05]",65.7544993077988,33.55124852586782,0.6942521663333846,1.0
"(13.05, 13.15]",66.1253946279327,33.18738509093839,0.6872202811289105,2.0
"(13.15, 13.25]",66.4962899480666,32.82352165600897,0.6801883959244365,4.0
"(13.25, 13.35]",66.8671852682005,32.45965822107954,0.6731565107199624,0.0
"(13.35, 13.45]",67.2380805883344,32.09579478615012,0.6661246255154885,2.0
"(13.45, 13.55]",67.6089759084683,31.731931351220695,0.6590927403110144,0.0
"(13.55, 13.65]",67.9798712286022,31.368067916291267,0.6520608551065403,2.0
"(13.65, 13.75]",68.35076654873609,31.004204481361846,0.6450289699020663,1.0
"(13.75, 13.85]",68.72166186887,30.640341046432418,0.6379970846975923,0.0
"(13.85, 13.95]",69.09255718900388,30.276477611502997,0.6309651994931182,0.0
"(13.95, 14.05]",69.4634525091378,29.912614176573577,0.6239333142886443,1.0
"(14.05, 14.15]",69.83434782927169,29.54875074164414,0.6169014290841701,1.0
"(14.15, 14.25]",70.20524314940559,29.18488730671472,0.6098695438796962,0.0
"(14.25, 14.35]",70.57613846953949,28.8210238717853,0.6028376586752221,0.0
"(14.35, 14.45]",70.94703378967338,28.457160436855872,0.595805773470748,0.0
"(14.45, 14.55]",71.31792910980728,28.09329700192645,0.5887738882662741,0.0
"(14.55, 14.65]",71.68882442994118,27.729433566997017,0.5817420030617999,0.0
"(14.65, 14.75]",72.05971975007509,27.365570132067596,0.574710117857326,1.0
"(14.75, 14.85]",72.43061507020897,27.001706697138175,0.567678232652852,0.0
"(14.85, 14.95]",72.80151039034288,26.637843262208747,0.5606463474483778,0.0
"(14.95, 15.05]",73.17240571047678,26.273979827279327,0.5536144622439039,0.0
"(15.05, 15.15]",73.54330103061068,25.9101163923499,0.5465825770394297,1.0
"(15.15, 15.25]",73.91419635074459,25.54625295742047,0.5395506918349557,0.0
"(15.25, 15.35]",74.28509167087847,25.18238952249105,0.5325188066304818,0.0
"(15.35, 15.45]",74.65598699101238,24.818526087561622,0.5254869214260076,0.0
"(15.45, 15.55]",75.02688231114627,24.4546626526322,0.5184550362215337,0.0
"(15.55, 15.65]",75.39777763128018,24.090799217702774,0.5114231510170595,0.0
"(15.65, 15.75]",75.76867295141408,23.726935782773346,0.5043912658125855,0.0
"(15.75, 15.85]",76.13956827154797,23.363072347843925,0.4973593806081116,0.0
"(15.85, 15.95]",76.51046359168187,22.999208912914497,0.4903274954036376,0.0
"(15.95, 16.05]",76.88135891181577,22.635345477985076,0.48329561019916345,0.0
"(16.05, 16.15]",77.25225423194968,22.27148204305565,0.4762637249946895,0.0
"(16.15, 16.25]",77.62314955208356,21.907618608126228,0.46923183979021554,0.0
"(16.25, 16.35]",77.99404487221747,21.5437551731968,0.46219995458574137,0.0
"(16.35, 16.45]",78.36494019235137,21.179891738267372,0.4551680693812672,0.0
"(16.45, 16.55]",78.73583551248527,20.81602830333795,0.44813618417679324,0.0
"(16.55, 16.65]",79.10673083261916,20.452164868408524,0.4411042989723193,0.0
"(16.65, 16.75]",79.47762615275306,20.088301433479103,0.43407241376784533,0.0
"(16.75, 16.85]",79.84852147288696,19.724437998549675,0.42704052856337116,1.0
"(16.85, 16.95]",80.21941679302086,19.360574563620247,0.420008643358897,0.0
"(16.95, 17.05]",80.59031211315475,18.996711128690826,0.41297675815442325,0.0
"(17.05, 17.15]",80.96120743328865,18.6328476937614,0.4059448729499491,0.0
"(17.15, 17.25]",81.33210275342255,18.268984258831985,0.3989129877454751,0.0
"(17.25, 17.35]",81.70299807355644,17.90512082390255,0.39188110254100095,0.0
"(17.35, 17.45]",82.07389339369035,17.541257388973122,0.38484921733652677,0.0
"(17.45, 17.55]",82.44478871382424,17.1773939540437,0.37781733213205304,0.0
"(17.55, 17.65]",82.81568403395815,16.813530519114273,0.37078544692757887,1.0
"(17.65, 17.75]",83.18657935409203,16.44966708418486,0.3637535617231049,0.0
"(17.75, 17.85]",83.55747467422594,16.085803649255425,0.35672167651863074,0.0
"(17.85, 17.95]",83.92836999435985,15.721940214325997,0.3496897913141568,0.0
"(17.95, 18.05]",84.29926531449374,15.358076779396583,0.34265790610968283,0.0
"(18.05, 18.15]",84.67016063462765,14.994213344467155,0.33562602090520866,0.0
"(18.15, 18.25]",85.04105595476153,14.630349909537728,0.3285941357007347,0.0
"(18.25, 18.35]",85.41195127489544,14.2664864746083,0.3215622504962605,0.0
"(18.35, 18.45]",85.78284659502935,13.902623039678872,0.3145303652917866,0.0
"(18.45, 18.55]",86.15374191516324,13.538759604749458,0.3074984800873126,0.0
"(18.55, 18.65]",86.52463723529715,13.17489616982003,0.30046659488283844,0.0
"(18.65, 18.75]",86.89553255543103,12.811032734890603,0.2934347096783645,0.0
"(18.75, 18.85]",87.26642787556494,12.447169299961175,0.28640282447389054,0.0
"(18.85, 18.95]",87.63732319569883,12.083305865031747,0.27937093926941636,0.0
"(18.95, 19.05]",88.00821851583274,11.719442430102333,0.2723390540649424,0.0
"(19.05, 19.15]",88.37911383596665,11.355578995172905,0.26530716886046823,0.0
"(19.15, 19.25]",88.75000915610053,10.991715560243492,0.2582752836559945,0.0
"(19.25, 19.35]",89.12090447623444,10.62785212531405,0.25124339845152033,0.0
"(19.35, 19.45]",89.49179979636833,10.263988690384622,0.24421151324704615,0.0
"(19.45, 19.55]",89.86269511650224,9.900125255455208,0.2371796280425722,0.0
"(19.55, 19.65]",90.23359043663612,9.53626182052578,0.23014774283809802,0.0
"(19.65, 19.75]",90.60448575677003,9.172398385596367,0.2231158576336243,0.0
"(19.75, 19.85]",90.97538107690391,8.808534950666925,0.21608397242915012,0.0
"(19.85, 19.95]",91.34627639703783,8.444671515737497,0.20905208722467594,0.0
"(19.95, 20.05]",91.71717171717172,8.080808080808081,0.20202020202020202,495.0
"(20.05, ∞)",95.0,5.0,0.0,101.0
