Interval,WinningChance,DrawingChance,LosingChance,TotalGames
"(-∞, -20.05]",1.7141863699582753,0.9805285118219751,97.30528511821976,595.0
"(-20.05, -19.95]",1.7141863699582753,0.9805285118219751,97.30528511821976,28760.0
"(-19.95, -19.85]",1.7514575258345895,0.9802997160354268,97.26824275812999,0.0
"(-19.85, -19.75]",1.7887286817109023,0.9800709202488784,97.23120039804023,2.0
"(-19.75, -19.65]",1.8259998375872166,0.97984212446233,97.19415803795046,2.0
"(-19.65, -19.55]",1.8632709934635308,0.9796133286757817,97.15711567786069,2.0
"(-19.55, -19.45]",1.9005421493398436,0.9793845328892333,97.12007331777093,1.0
"(-19.45, -19.35]",1.9378133052161577,0.979155737102685,97.08303095768116,3.0
"(-19.35, -19.25]",1.9750844610924707,0.9789269413161366,97.0459885975914,1.0
"(-19.25, -19.15]",2.012355616968785,0.9786981455295882,97.00894623750163,2.0
"(-19.15, -19.05]",2.049626772845099,0.9784693497430399,96.97190387741186,1.0
"(-19.05, -18.95]",2.0868979287214118,0.9782405539564916,96.9348615173221,2.0
"(-18.95, -18.85]",2.124169084597726,0.9780117581699431,96.89781915723233,0.0
"(-18.85, -18.75]",2.1614402404740387,0.9777829623833948,96.86077679714258,1.0
"(-18.75, -18.65]",2.198711396350353,0.9775541665968465,96.8237344370528,2.0
"(-18.65, -18.55]",2.235982552226667,0.9773253708102981,96.78669207696304,0.0
"(-18.55, -18.45]",2.27325370810298,0.9770965750237498,96.74964971687328,2.0
"(-18.45, -18.35]",2.3105248639792944,0.9768677792372014,96.71260735678351,3.0
"(-18.35, -18.25]",2.347796019855607,0.976638983450653,96.67556499669375,0.0
"(-18.25, -18.15]",2.3850671757319213,0.9764101876641047,96.63852263660398,1.0
"(-18.15, -18.05]",2.4223383316082354,0.9761813918775564,96.60148027651421,1.0
"(-18.05, -17.95]",2.459609487484548,0.9759525960910079,96.56443791642445,1.0
"(-17.95, -17.85]",2.4968806433608624,0.9757238003044596,96.52739555633468,2.0
"(-17.85, -17.75]",2.5341517992371756,0.9754950045179113,96.49035319624493,5.0
"(-17.75, -17.65]",2.5714229551134897,0.9752662087313629,96.45331083615515,2.0
"(-17.65, -17.55]",2.608694110989804,0.9750374129448145,96.41626847606538,2.0
"(-17.55, -17.45]",2.6459652668661167,0.9748086171582662,96.37922611597563,2.0
"(-17.45, -17.35]",2.683236422742431,0.9745798213717178,96.34218375588586,0.0
"(-17.35, -17.25]",2.7205075786187436,0.9743510255851695,96.30514139579608,8.0
"(-17.25, -17.15]",2.7577787344950577,0.9741222297986212,96.26809903570633,4.0
"(-17.15, -17.05]",2.795049890371372,0.9738934340120727,96.23105667561656,2.0
"(-17.05, -16.95]",2.832321046247685,0.9736646382255244,96.1940143155268,6.0
"(-16.95, -16.85]",2.8695922021239992,0.9734358424389761,96.15697195543703,4.0
"(-16.85, -16.75]",2.9068633580003116,0.9732070466524277,96.11992959534726,1.0
"(-16.75, -16.65]",2.9441345138766257,0.9729782508658793,96.0828872352575,4.0
"(-16.65, -16.55]",2.9814056697529403,0.972749455079331,96.04584487516773,13.0
"(-16.55, -16.45]",3.018676825629253,0.9725206592927826,96.00880251507797,4.0
"(-16.45, -16.35]",3.0559479815055672,0.9722918635062343,95.9717601549882,7.0
"(-16.35, -16.25]",3.09321913738188,0.972063067719686,95.93471779489843,4.0
"(-16.25, -16.15]",3.1304902932581946,0.9718342719331375,95.89767543480868,1.0
"(-16.15, -16.05]",3.1677614491345087,0.9716054761465892,95.8606330747189,3.0
"(-16.05, -15.95]",3.205032605010821,0.9713766803600409,95.82359071462913,6.0
"(-15.95, -15.85]",3.2423037608871352,0.9711478845734925,95.78654835453938,8.0
"(-15.85, -15.75]",3.279574916763449,0.9709190887869441,95.7495059944496,7.0
"(-15.75, -15.65]",3.3168460726397626,0.9706902930003958,95.71246363435985,5.0
"(-15.65, -15.55]",3.354117228516076,0.9704614972138474,95.67542127427008,9.0
"(-15.55, -15.45]",3.3913883843923895,0.9702327014272991,95.63837891418031,6.0
"(-15.45, -15.35]",3.4286595402687037,0.9700039056407507,95.60133655409055,9.0
"(-15.35, -15.25]",3.4659306961450174,0.9697751098542023,95.56429419400078,9.0
"(-15.25, -15.15]",3.5032018520213306,0.969546314067654,95.52725183391101,8.0
"(-15.15, -15.05]",3.5404730078976443,0.9693175182811057,95.49020947382125,13.0
"(-15.05, -14.95]",3.577744163773958,0.9690887224945574,95.45316711373148,12.0
"(-14.95, -14.85]",3.615015319650272,0.9688599267080089,95.41612475364172,14.0
"(-14.85, -14.75]",3.6522864755265854,0.9686311309214606,95.37908239355195,12.0
"(-14.75, -14.65]",3.689557631402899,0.9684023351349123,95.34204003346218,4.0
"(-14.65, -14.55]",3.7268287872792127,0.9681735393483639,95.30499767337243,9.0
"(-14.55, -14.45]",3.764099943155526,0.9679447435618155,95.26795531328266,17.0
"(-14.45, -14.35]",3.80137109903184,0.9677159477752671,95.2309129531929,10.0
"(-14.35, -14.25]",3.838642254908154,0.9674871519887188,95.19387059310313,20.0
"(-14.25, -14.15]",3.8759134107844675,0.9672583562021705,95.15682823301336,21.0
"(-14.15, -14.05]",3.9131845666607807,0.967029560415622,95.1197858729236,18.0
"(-14.05, -13.95]",3.9504557225370944,0.9668007646290737,95.08274351283383,19.0
"(-13.95, -13.85]",3.9877268784134086,0.9665719688425254,95.04570115274407,28.0
"(-13.85, -13.75]",4.024998034289721,0.9663431730559771,95.0086587926543,26.0
"(-13.75, -13.65]",4.0622691901660355,0.9661143772694287,94.97161643256453,29.0
"(-13.65, -13.55]",4.09954034604235,0.9658855814828803,94.93457407247477,25.0
"(-13.55, -13.45]",4.136811501918663,0.965656785696332,94.897531712385,26.0
"(-13.45, -13.35]",4.174082657794976,0.9654279899097836,94.86048935229523,35.0
"(-13.35, -13.25]",4.21135381367129,0.9651991941232353,94.82344699220548,36.0
"(-13.25, -13.15]",4.248624969547604,0.9649703983366869,94.7864046321157,44.0
"(-13.15, -13.05]",4.285896125423918,0.9647416025501385,94.74936227202595,44.0
"(-13.05, -12.95]",4.323167281300231,0.9645128067635902,94.71231991193618,45.0
"(-12.95, -12.85]",4.360438437176545,0.9642840109770419,94.6752775518464,58.0
"(-12.85, -12.75]",4.397709593052859,0.9640552151904935,94.63823519175665,46.0
"(-12.75, -12.65]",4.434980748929172,0.9638264194039451,94.60119283166688,36.0
"(-12.65, -12.55]",4.472251904805486,0.9635976236173968,94.56415047157712,66.0
"(-12.55, -12.45]",4.509523060681799,0.9633688278308484,94.52710811148735,70.0
"(-12.45, -12.35]",4.546794216558114,0.9631400320443001,94.49006575139758,60.0
"(-12.35, -12.25]",4.584065372434427,0.9629112362577517,94.45302339130782,70.0
"(-12.25, -12.15]",4.62133652831074,0.9626824404712033,94.41598103121805,79.0
"(-12.15, -12.05]",4.658607684187054,0.962453644684655,94.37893867112828,85.0
"(-12.05, -11.95]",4.695878840063367,0.9622248488981067,94.34189631103852,98.0
"(-11.95, -11.85]",4.733149995939682,0.9619960531115582,94.30485395094875,92.0
"(-11.85, -11.75]",4.770421151815995,0.9617672573250099,94.267811590859,98.0
"(-11.75, -11.65]",4.807692307692308,0.9615384615384616,94.23076923076923,104.0
"(-11.65, -11.55]",2.380952380952381,1.5873015873015872,96.03174603174604,126.0
"(-11.55, -11.45]",1.5625,1.5625,96.875,128.0
"(-11.45, -11.35]",1.3157894736842104,1.3157894736842104,97.36842105263158,152.0
"(-11.35, -11.25]",1.4388489208633095,0.0,98.56115107913669,139.0
"(-11.25, -11.15]",0.6711409395973155,1.342281879194631,97.98657718120806,149.0
"(-11.15, -11.05]",0.6578947368421052,0.6578947368421052,98.68421052631578,152.0
"(-11.05, -10.95]",2.6881720430107525,1.0752688172043012,96.23655913978494,186.0
"(-10.95, -10.85]",3.0456852791878175,1.5228426395939088,95.43147208121827,197.0
"(-10.85, -10.75]",1.3636363636363635,0.45454545454545453,98.18181818181819,220.0
"(-10.75, -10.65]",3.3175355450236967,1.4218009478672986,95.260663507109,211.0
"(-10.65, -10.55]",1.2295081967213115,0.819672131147541,97.95081967213115,244.0
"(-10.55, -10.45]",2.491103202846975,1.7793594306049825,95.72953736654804,281.0
"(-10.45, -10.35]",2.6415094339622645,1.8867924528301887,95.47169811320755,265.0
"(-10.35, -10.25]",1.0344827586206897,0.6896551724137931,98.27586206896551,290.0
"(-10.25, -10.15]",1.7543859649122806,1.7543859649122806,96.49122807017544,285.0
"(-10.15, -10.05]",1.5432098765432098,0.9259259259259258,97.53086419753086,324.0
"(-10.05, -9.95]",1.1267605633802817,1.6901408450704223,97.1830985915493,355.0
"(-9.95, -9.85]",0.702576112412178,1.873536299765808,97.42388758782201,427.0
"(-9.85, -9.75]",1.263157894736842,0.42105263157894735,98.3157894736842,475.0
"(-9.75, -9.65]",2.092050209205021,0.6276150627615062,97.28033472803347,478.0
"(-9.65, -9.55]",1.0810810810810811,1.4414414414414414,97.47747747747748,555.0
"(-9.55, -9.45]",2.04778156996587,1.3651877133105803,96.58703071672356,586.0
"(-9.45, -9.35]",1.3043478260869565,1.4492753623188406,97.2463768115942,690.0
"(-9.35, -9.25]",1.9255455712451863,1.1553273427471118,96.9191270860077,779.0
"(-9.25, -9.15]",1.8963337547408345,1.7699115044247788,96.3337547408344,791.0
"(-9.15, -9.05]",1.7751479289940828,1.4201183431952662,96.80473372781066,845.0
"(-9.05, -8.95]",1.4014014014014013,0.6006006006006006,97.997997997998,999.0
"(-8.95, -8.85]",2.521823472356935,1.2609117361784674,96.2172647914646,1031.0
"(-8.85, -8.75]",1.895306859205776,1.263537906137184,96.84115523465704,1108.0
"(-8.75, -8.65]",1.627339300244101,1.4646053702196908,96.90805532953621,1229.0
"(-8.65, -8.55]",2.3556231003039514,1.2917933130699089,96.35258358662614,1316.0
"(-8.55, -8.45]",1.7972681524083391,1.00647016534867,97.19626168224299,1391.0
"(-8.45, -8.35]",1.8241042345276872,1.6938110749185669,96.48208469055375,1535.0
"(-8.35, -8.25]",1.6801853997682505,1.100811123986095,97.21900347624566,1726.0
"(-8.25, -8.15]",1.5,1.1111111111111112,97.38888888888889,1800.0
"(-8.15, -8.05]",2.211166390270868,1.4372581536760642,96.35157545605307,1809.0
"(-8.05, -7.95]",2.221149203283438,1.2071463061323033,96.57170449058425,2071.0
"(-7.95, -7.85]",1.6453382084095063,1.2797074954296161,97.07495429616088,2188.0
"(-7.85, -7.75]",1.5473032714412025,1.8125552608311228,96.64014146772767,2262.0
"(-7.75, -7.65]",2.4696525742988698,1.2138970280452073,96.31645039765593,2389.0
"(-7.65, -7.55]",1.6633663366336635,1.306930693069307,97.02970297029702,2525.0
"(-7.55, -7.45]",2.201027146001467,1.467351430667645,96.33162142333089,2726.0
"(-7.45, -7.35]",1.650943396226415,1.3814016172506738,96.96765498652292,2968.0
"(-7.35, -7.25]",2.3474178403755865,1.374916163648558,96.27766599597585,2982.0
"(-7.25, -7.15]",2.051282051282051,1.689291101055807,96.25942684766214,3315.0
"(-7.15, -7.05]",2.1796759941089836,2.0029455081001473,95.81737849779087,3395.0
"(-7.05, -6.95]",2.3796646836127637,1.59545700378583,96.0248783126014,3698.0
"(-6.95, -6.85]",2.1071800208116547,1.5088449531737773,96.38397502601457,3844.0
"(-6.85, -6.75]",2.54618072890664,1.672491263105342,95.78132800798802,4006.0
"(-6.75, -6.65]",2.717015887635275,1.381533502187428,95.90145061017729,4343.0
"(-6.65, -6.55]",2.3450946643717727,1.4414802065404475,96.21342512908778,4648.0
"(-6.55, -6.45]",2.42776886035313,1.1837881219903692,96.3884430176565,4984.0
"(-6.45, -6.35]",2.252934494509655,1.4009844755774328,96.34608102991291,5282.0
"(-6.35, -6.25]",2.5676613462873004,1.7522553782095767,95.68008327550312,5764.0
"(-6.25, -6.15]",2.53539677313138,1.5805070793546265,95.884096147514,6074.0
"(-6.15, -6.05]",2.6165765239000147,1.4471568484139747,95.93626662768601,6841.0
"(-6.05, -5.95]",2.564821303433777,1.6398037841625788,95.79537491240364,7135.0
"(-5.95, -5.85]",2.5791624106230846,1.723697650663943,95.69713993871297,7832.0
"(-5.85, -5.75]",2.8751336580729476,1.8652726624688132,95.25959367945825,8417.0
"(-5.75, -5.65]",2.779872858528176,1.853248572352117,95.3668785691197,9281.0
"(-5.65, -5.55]",3.0114965917183842,2.2586224437887883,94.72988096449284,9829.0
"(-5.55, -5.45]",3.3010439198720967,1.9749835418038184,94.72397253832409,10633.0
"(-5.45, -5.35]",3.4752084247476964,2.053532250987275,94.47125932426503,11395.0
"(-5.35, -5.25]",3.71063829787234,2.6212765957446806,93.66808510638297,11750.0
"(-5.25, -5.15]",3.2999599519423306,2.6672006407689226,94.03283940728875,12485.0
"(-5.15, -5.05]",3.711692948527224,2.737280571258554,93.55102648021422,13444.0
"(-5.05, -4.95]",3.8113599288150675,2.906718078006822,93.2819219931781,13486.0
"(-4.95, -4.85]",3.8507399873746233,3.1493301536087537,92.99992985901663,14257.0
"(-4.85, -4.75]",4.0170587426055855,3.3635988444077594,92.61934241298665,14538.0
"(-4.75, -4.65]",4.435977684038645,3.4426452578582123,92.12137705810315,14698.0
"(-4.65, -4.55]",4.870044631136781,3.7608296140719353,91.36912575479128,15236.0
"(-4.55, -4.45]",5.156136528685548,3.9743843665412295,90.86947910477322,15147.0
"(-4.45, -4.35]",5.094059085913763,4.71265110866895,90.1932898054173,15469.0
"(-4.35, -4.25]",5.49761812797734,4.892493884382644,89.60988798764001,15534.0
"(-4.25, -4.15]",5.314540634900109,4.991271739833193,89.6941876252667,15467.0
"(-4.15, -4.05]",5.812383462997492,5.696650163955507,88.490966373047,15553.0
"(-4.05, -3.95]",5.66421632974534,5.76266736676293,88.57311630349173,15236.0
"(-3.95, -3.85]",5.964730290456432,6.502852697095436,87.53241701244814,15424.0
"(-3.85, -3.75]",5.964383920387586,7.110121775566322,86.9254943040461,15274.0
"(-3.75, -3.65]",6.497341996455995,7.685239876616132,85.81741812692786,15237.0
"(-3.65, -3.55]",6.895414054767403,8.452655889145497,84.6519300560871,15155.0
"(-3.55, -3.45]",7.1059260241283315,8.425029828980511,84.46904414689116,15086.0
"(-3.45, -3.35]",7.783987610261935,8.80075415796916,83.4152582317689,14851.0
"(-3.35, -3.25]",8.162439287641662,8.830275229357799,83.00728548300054,14824.0
"(-3.25, -3.15]",8.061252023745277,9.214786832164059,82.72396114409067,14824.0
"(-3.15, -3.05]",8.72783037738365,10.074676623549808,81.19749299906654,14998.0
"(-3.05, -2.95]",8.566576086956522,9.762228260869566,81.6711956521739,14720.0
"(-2.95, -2.85]",8.511640425245592,11.364553895841745,80.12380567891266,14862.0
"(-2.85, -2.75]",9.140259211508447,11.766302503901743,79.09343828458981,14737.0
"(-2.75, -2.65]",9.455063033753557,12.891419276128508,77.65351769011794,14754.0
"(-2.65, -2.55]",10.018075639599555,13.188264738598443,76.79365962180201,14384.0
"(-2.55, -2.45]",10.097087378640776,13.61997226074896,76.28294036061027,14420.0
"(-2.45, -2.35]",10.470986928556608,14.309426654678747,75.21958641676466,14459.0
"(-2.35, -2.25]",10.999581764951904,14.596403178586364,74.40401505646173,14346.0
"(-2.25, -2.15]",11.444238712434126,15.66016237003276,72.8955989175331,14042.0
"(-2.15, -2.05]",11.685639829927307,16.25977232204087,72.05458784803182,14582.0
"(-2.05, -1.95]",12.379848660440384,16.72233962778649,70.89781171177313,14669.0
"(-1.95, -1.85]",12.282146287909978,18.327157952518185,69.39069575957184,14574.0
"(-1.85, -1.75]",12.59880404151488,19.05972919100969,68.34146676747542,14549.0
"(-1.75, -1.65]",13.215798824654911,19.099357660243268,67.68484351510182,14634.0
"(-1.65, -1.55]",13.263199946734137,19.86150875557627,66.8752912976896,15019.0
"(-1.55, -1.45]",13.82943694435298,20.770497201185382,65.40006585446164,15185.0
"(-1.45, -1.35]",14.20618286612523,22.321194655488604,63.472622478386164,15268.0
"(-1.35, -1.25]",14.210493324139662,23.54416097285777,62.24534570300258,15953.0
"(-1.25, -1.15]",15.205471012260489,24.089704885712525,60.70482410202699,16231.0
"(-1.15, -1.05]",14.612550511053007,26.652008557166628,58.73544093178037,16828.0
"(-1.05, -0.95]",15.050843540559278,27.640397504044373,57.30875895539634,17308.0
"(-0.95, -0.85]",15.761811573944644,28.32541235672351,55.91277606933184,17885.0
"(-0.85, -0.75]",16.43362136684996,29.389892642052896,54.176485991097145,19095.0
"(-0.75, -0.65]",15.700107035126983,31.118030553663523,53.1818624112095,20554.0
"(-0.65, -0.55]",16.39032586107795,32.55073617190609,51.05893796701596,22617.0
"(-0.55, -0.45]",16.763501657243125,34.04562292844609,49.19087541431078,25645.0
"(-0.45, -0.35]",17.300949831070316,36.50474915535156,46.19430101357812,31374.0
"(-0.35, -0.25]",17.130321821613276,38.94948405598176,43.92019412240496,40799.0
"(-0.25, -0.15]",16.648185483870968,44.753024193548384,38.59879032258065,59520.0
"(-0.15, -0.05]",16.935358208776325,51.22079852329525,31.843843267928417,83429.0
"(-0.05, 0.05]",20.856565553225227,58.11166811601617,21.031766330758607,312784.0
"(0.05, 0.15]",31.353143448734855,51.8148317044012,16.832024846863945,81137.0
"(0.15, 0.25]",37.70301824785955,45.28755513275102,17.00942661938943,57815.0
"(0.25, 0.35]",41.59637386077177,41.252181500872595,17.151444638355635,41256.0
"(0.35, 0.45]",43.24922118380062,39.034267912772584,17.71651090342679,32100.0
"(0.45, 0.55]",46.473281350597325,35.932470133772085,17.59424851563059,27958.0
"(0.55, 0.65]",48.658197697499006,34.46605795950774,16.87574434299325,25190.0
"(0.65, 0.75]",50.344647063956025,32.79382252857517,16.86153040746881,22922.0
"(0.75, 0.85]",52.11274060494959,31.84234647112741,16.044912923923007,21820.0
"(0.85, 0.95]",54.74338274866677,30.14335339302314,15.113263858310095,20439.0
"(0.95, 1.05]",56.269159254233884,28.48384340921654,15.246997336549576,19899.0
"(1.05, 1.15]",57.405304985034576,28.165961399525237,14.428733615440189,19378.0
"(1.15, 1.25]",59.653730703259,26.44189536878216,13.904373927958833,18656.0
"(1.25, 1.35]",61.100412654745526,25.28748280605227,13.612104539202202,18175.0
"(1.35, 1.45]",61.48675365757216,24.91103202846975,13.602214313958086,17703.0
"(1.45, 1.55]",62.981801740703055,23.55035605289929,13.467842206397648,17694.0
"(1.55, 1.65]",63.92720196875179,22.903908887998625,13.168889143249585,17473.0
"(1.65, 1.75]",65.60957193471569,21.65882557936923,12.731602485915083,17217.0
"(1.75, 1.85]",66.43385373870171,21.017725085103887,12.548421176194388,17038.0
"(1.85, 1.95]",68.5919523447994,19.319044559948605,12.089003095252,17123.0
"(1.95, 2.05]",68.96183929841195,19.092201943588528,11.945958757999527,16876.0
"(2.05, 2.15]",71.23536299765809,17.43559718969555,11.32903981264637,17080.0
"(2.15, 2.25]",72.2327678253648,16.4017083877091,11.365523786926088,16858.0
"(2.25, 2.35]",72.94714144180897,15.985780057112887,11.06707850107815,17159.0
"(2.35, 2.45]",74.51370986641669,15.127724396531523,10.358565737051793,17068.0
"(2.45, 2.55]",75.7930469390144,14.23387568769753,9.973077373288072,17086.0
"(2.55, 2.65]",77.10504742944138,13.485185618924934,9.40976695163368,17078.0
"(2.65, 2.75]",76.60075329566854,13.259180790960452,10.140065913370998,16992.0
"(2.75, 2.85]",78.44126074498567,12.240687679083093,9.318051575931232,17450.0
"(2.85, 2.95]",79.25170068027211,11.50598170302604,9.242317616701854,17052.0
"(2.95, 3.05]",80.13644564727109,10.645015787099684,9.21853856562923,17736.0
"(3.05, 3.15]",80.92757234271475,10.799025992411801,8.273401664873434,17659.0
"(3.15, 3.25]",81.7509178198249,9.889861621011013,8.359220559164077,17705.0
"(3.25, 3.35]",83.14473237524047,9.23956093696956,7.615706687789974,17674.0
"(3.35, 3.45]",83.6405529953917,8.646313364055299,7.7131336405529956,17360.0
"(3.45, 3.55]",84.73431058176821,7.838983050847458,7.426706367384334,17464.0
"(3.55, 3.65]",85.00532720237761,8.26557505747771,6.729097740144676,17833.0
"(3.65, 3.75]",85.90990386765036,7.310529845741113,6.77956628660854,17892.0
"(3.75, 3.85]",86.46120908220182,6.958138486675305,6.58065243112288,17749.0
"(3.85, 3.95]",87.69487750556793,6.152561247216036,6.152561247216036,17960.0
"(3.95, 4.05]",87.94632956309603,6.187624750499002,5.866045686404968,18036.0
"(4.05, 4.15]",88.97128519654306,5.34708670197937,5.681628101477558,17935.0
"(4.15, 4.25]",88.87181738366988,5.459833187006146,5.6683494293239685,18224.0
"(4.25, 4.35]",89.51365235356525,5.081244067228767,5.405103579205986,17909.0
"(4.35, 4.45]",90.27431421446383,4.643945691327237,5.081740094208922,18045.0
"(4.45, 4.55]",90.81459722065304,4.440176251271042,4.745226528075923,17702.0
"(4.55, 4.65]",91.26373004189786,4.201109727097724,4.535160231004416,17662.0
"(4.65, 4.75]",91.75215667987877,3.9927722079738865,4.255071112147354,17156.0
"(4.75, 4.85]",92.46003761165962,3.6259990597085094,3.9139633286318762,17016.0
"(4.85, 4.95]",92.75782855761094,3.300689154878491,3.941482287510579,16542.0
"(4.95, 5.05]",93.21858654664882,3.0896484612577546,3.6917649920934195,16442.0
"(5.05, 5.15]",93.62361909684088,3.023451127333807,3.352929775825312,15479.0
"(5.15, 5.25]",93.69453526389538,2.835791018883032,3.469673717221592,14987.0
"(5.25, 5.35]",94.42613755871835,2.48895744233331,3.084904998948328,14263.0
"(5.35, 5.45]",93.9118001204094,2.671583383503913,3.4166164960866947,13288.0
"(5.45, 5.55]",94.44226391396498,2.20582463301672,3.35191145301829,12739.0
"(5.55, 5.65]",94.95541178527715,2.0982689281342894,2.9463192865885643,11438.0
"(5.65, 5.75]",94.7339749409842,2.106410023606319,3.159615035409479,11014.0
"(5.75, 5.85]",94.73309608540926,2.043721403152008,3.2231825114387394,9835.0
"(5.85, 5.95]",95.16267123287672,2.022688356164384,2.814640410958904,9344.0
"(5.95, 6.05]",95.57430090131732,1.9297434712271782,2.495955627455512,8654.0
"(6.05, 6.15]",95.95832810342664,1.556420233463035,2.48525166311033,7967.0
"(6.15, 6.25]",96.01347557551937,1.501965188096575,2.484559236384054,7124.0
"(6.25, 6.35]",95.53014553014553,1.4404514404514406,3.029403029403029,6734.0
"(6.35, 6.45]",95.54558564332639,1.506168883191796,2.9482454734818138,6241.0
"(6.45, 6.55]",95.54771505376344,1.7809139784946237,2.6713709677419355,5952.0
"(6.55, 6.65]",95.52077711818673,1.7269293038316245,2.7522935779816518,5559.0
"(6.65, 6.75]",95.96326764874689,1.8366175626554428,2.200114788597666,5227.0
"(6.75, 6.85]",95.92502037489812,1.6503667481662592,2.4246128769356154,4908.0
"(6.85, 6.95]",95.97878921785241,1.7896597437030493,2.2315510384445427,4526.0
"(6.95, 7.05]",96.15113823046232,1.5489321755456464,2.2999295939920206,4261.0
"(7.05, 7.15]",96.03502797372902,1.6297737776696668,2.3351982486013134,4111.0
"(7.15, 7.25]",95.97107438016529,1.5495867768595042,2.479338842975207,3872.0
"(7.25, 7.35]",96.26783754116356,1.234906695938529,2.497255762897914,3644.0
"(7.35, 7.45]",95.78083797245824,1.7286844418400233,2.4904775857017287,3413.0
"(7.45, 7.55]",96.6047405509289,1.4734144778987828,1.9218449711723256,3122.0
"(7.55, 7.65]",96.18473895582329,1.2717536813922357,2.5435073627844713,2988.0
"(7.65, 7.75]",96.47838214783822,1.7433751743375174,1.778242677824268,2868.0
"(7.75, 7.85]",96.67440061871616,1.3534416086620265,1.9721577726218096,2586.0
"(7.85, 7.95]",96.65499805523142,1.5169194865810969,1.8280824581874757,2571.0
"(7.95, 8.05]",97.0727507533362,1.2053379250968574,1.7219113215669393,2323.0
"(8.05, 8.15]",96.41025641025641,1.3053613053613053,2.2843822843822843,2145.0
"(8.15, 8.25]",97.00627716079188,0.8208594881699662,2.1728633510381457,2071.0
"(8.25, 8.35]",97.28742827334376,0.8346374543557642,1.8779342723004695,1917.0
"(8.35, 8.45]",96.59527732015376,1.2630422844590883,2.14168039538715,1821.0
"(8.45, 8.55]",96.38036809815951,1.5950920245398774,2.024539877300614,1630.0
"(8.55, 8.65]",97.05882352941177,1.3427109974424554,1.5984654731457801,1564.0
"(8.65, 8.75]",97.02216066481995,1.2465373961218837,1.7313019390581719,1444.0
"(8.75, 8.85]",97.29119638826185,1.1286681715575622,1.580135440180587,1329.0
"(8.85, 8.95]",97.46724890829694,1.222707423580786,1.3100436681222707,1145.0
"(8.95, 9.05]",97.20670391061452,0.74487895716946,2.0484171322160147,1074.0
"(9.05, 9.15]",96.48288973384031,1.520912547528517,1.9961977186311788,1052.0
"(9.15, 9.25]",97.44114636642784,1.2282497441146365,1.3306038894575232,977.0
"(9.25, 9.35]",96.15819209039547,1.0169491525423728,2.824858757062147,885.0
"(9.35, 9.45]",97.22222222222221,1.1363636363636365,1.6414141414141417,792.0
"(9.45, 9.55]",96.52042360060514,1.6641452344931922,1.8154311649016641,661.0
"(9.55, 9.65]",97.30538922155688,0.8982035928143712,1.7964071856287425,668.0
"(9.65, 9.75]",97.75086505190312,0.8650519031141869,1.384083044982699,578.0
"(9.75, 9.85]",97.79661016949153,0.847457627118644,1.3559322033898304,590.0
"(9.85, 9.95]",97.86407766990291,0.7766990291262136,1.3592233009708738,515.0
"(9.95, 10.05]",97.59036144578313,1.0040160642570282,1.4056224899598393,498.0
"(10.05, 10.15]",97.12389380530973,1.1061946902654867,1.7699115044247788,452.0
"(10.15, 10.25]",96.3157894736842,1.5789473684210527,2.1052631578947367,380.0
"(10.25, 10.35]",98.26732673267327,0.49504950495049505,1.2376237623762376,404.0
"(10.35, 10.45]",95.30791788856305,2.0527859237536656,2.6392961876832843,341.0
"(10.45, 10.55]",97.14285714285714,0.6349206349206349,2.2222222222222223,315.0
"(10.55, 10.65]",96.07250755287009,1.812688821752266,2.1148036253776437,331.0
"(10.65, 10.75]",96.97986577181209,1.342281879194631,1.6778523489932886,298.0
"(10.75, 10.85]",97.77777777777777,1.1111111111111112,1.1111111111111112,270.0
"(10.85, 10.95]",98.32635983263597,0.8368200836820083,0.8368200836820083,239.0
"(10.95, 11.05]",97.96954314720813,0.5076142131979695,1.5228426395939088,197.0
"(11.05, 11.15]",97.36842105263158,1.7543859649122806,0.8771929824561403,228.0
"(11.15, 11.25]",96.35416666666666,2.604166666666667,1.0416666666666665,192.0
"(11.25, 11.35]",98.66666666666667,0.0,1.3333333333333335,150.0
"(11.35, 11.45]",95.62841530054644,1.092896174863388,3.278688524590164,183.0
"(11.45, 11.55]",97.83783783783784,0.0,2.1621621621621623,185.0
"(11.55, 11.65]",94.8051948051948,1.948051948051948,3.2467532467532463,154.0
"(11.65, 11.75]",94.36619718309859,2.8169014084507045,2.8169014084507045,142.0
"(11.75, 11.85]",97.97297297297297,0.6756756756756757,1.3513513513513513,148.0
"(11.85, 11.95]",99.18032786885246,0.0,0.819672131147541,122.0
"(11.95, 12.05]",99.10714285714286,0.0,0.8928571428571428,112.0
"(12.05, 12.15]",92.98245614035088,2.631578947368421,4.385964912280701,114.0
"(12.15, 12.25]",97.16981132075472,0.9433962264150944,1.8867924528301887,106.0
"(12.25, 12.35]",97.16771886587115,0.9457104514571107,1.8865706826717388,93.0
"(12.35, 12.45]",97.16562641098758,0.9480246764991271,1.886348912513289,88.0
"(12.45, 12.55]",97.16353395610402,0.9503389015411436,1.8861271423548391,74.0
"(12.55, 12.65]",97.16144150122045,0.95265312658316,1.8859053721963894,84.0
"(12.65, 12.75]",97.15934904633689,0.9549673516251765,1.8856836020379395,89.0
"(12.75, 12.85]",97.15725659145332,0.9572815766671929,1.8854618318794898,68.0
"(12.85, 12.95]",97.15516413656975,0.9595958017092093,1.8852400617210399,69.0
"(12.95, 13.05]",97.15307168168619,0.9619100267512257,1.88501829156259,66.0
"(13.05, 13.15]",97.15097922680262,0.9642242517932422,1.8847965214041402,66.0
"(13.15, 13.25]",97.14888677191905,0.9665384768352586,1.8845747512456903,56.0
"(13.25, 13.35]",97.14679431703549,0.968852701877275,1.8843529810872406,60.0
"(13.35, 13.45]",97.14470186215192,0.9711669269192915,1.8841312109287907,50.0
"(13.45, 13.55]",97.14260940726835,0.9734811519613079,1.883909440770341,39.0
"(13.55, 13.65]",97.14051695238479,0.9757953770033243,1.883687670611891,50.0
"(13.65, 13.75]",97.13842449750122,0.9781096020453408,1.883465900453441,35.0
"(13.75, 13.85]",97.13633204261765,0.9804238270873572,1.8832441302949914,37.0
"(13.85, 13.95]",97.13423958773409,0.9827380521293736,1.8830223601365415,35.0
"(13.95, 14.05]",97.13214713285052,0.98505227717139,1.8828005899780917,26.0
"(14.05, 14.15]",97.13005467796695,0.9873665022134065,1.8825788198196418,29.0
"(14.15, 14.25]",97.12796222308339,0.9896807272554229,1.8823570496611919,31.0
"(14.25, 14.35]",97.12586976819982,0.9919949522974393,1.8821352795027422,21.0
"(14.35, 14.45]",97.12377731331625,0.9943091773394558,1.8819135093442922,26.0
"(14.45, 14.55]",97.12168485843269,0.9966234023814722,1.8816917391858425,18.0
"(14.55, 14.65]",97.11959240354912,0.9989376274234887,1.8814699690273926,27.0
"(14.65, 14.75]",97.11749994866555,1.001251852465505,1.881248198868943,18.0
"(14.75, 14.85]",97.11540749378199,1.0035660775075215,1.881026428710493,20.0
"(14.85, 14.95]",97.11331503889842,1.005880302549538,1.880804658552043,13.0
"(14.95, 15.05]",97.11122258401485,1.0081945275915543,1.8805828883935933,17.0
"(15.05, 15.15]",97.10913012913129,1.0105087526335708,1.8803611182351434,15.0
"(15.15, 15.25]",97.10703767424772,1.0128229776755873,1.8801393480766937,15.0
"(15.25, 15.35]",97.10494521936415,1.0151372027176035,1.8799175779182438,7.0
"(15.35, 15.45]",97.10285276448059,1.01745142775962,1.879695807759794,11.0
"(15.45, 15.55]",97.10076030959702,1.0197656528016363,1.8794740376013441,5.0
"(15.55, 15.65]",97.09866785471345,1.0220798778436528,1.8792522674428942,16.0
"(15.65, 15.75]",97.09657539982989,1.0243941028856693,1.8790304972844445,15.0
"(15.75, 15.85]",97.09448294494632,1.0267083279276858,1.8788087271259946,7.0
"(15.85, 15.95]",97.09239049006275,1.0290225529697021,1.8785869569675449,6.0
"(15.95, 16.05]",97.09029803517919,1.0313367780117186,1.878365186809095,10.0
"(16.05, 16.15]",97.08820558029562,1.0336510030537351,1.878143416650645,3.0
"(16.15, 16.25]",97.08611312541206,1.0359652280957514,1.8779216464921953,6.0
"(16.25, 16.35]",97.08402067052849,1.038279453137768,1.8776998763337454,5.0
"(16.35, 16.45]",97.08192821564492,1.0405936781797844,1.8774781061752956,8.0
"(16.45, 16.55]",97.07983576076136,1.0429079032218007,1.8772563360168457,7.0
"(16.55, 16.65]",97.07774330587779,1.0452221282638172,1.877034565858396,8.0
"(16.65, 16.75]",97.07565085099422,1.0475363533058335,1.876812795699946,6.0
"(16.75, 16.85]",97.07355839611066,1.04985057834785,1.8765910255414961,4.0
"(16.85, 16.95]",97.07146594122709,1.0521648033898665,1.8763692553830464,4.0
"(16.95, 17.05]",97.06937348634352,1.0544790284318828,1.8761474852245965,4.0
"(17.05, 17.15]",97.06728103145996,1.0567932534738993,1.8759257150661468,5.0
"(17.15, 17.25]",97.06518857657639,1.0591074785159158,1.8757039449076969,3.0
"(17.25, 17.35]",97.06309612169282,1.061421703557932,1.8754821747492472,3.0
"(17.35, 17.45]",97.06100366680926,1.0637359285999486,1.8752604045907972,3.0
"(17.45, 17.55]",97.05891121192569,1.066050153641965,1.8750386344323473,4.0
"(17.55, 17.65]",97.05681875704212,1.0683643786839814,1.8748168642738976,5.0
"(17.65, 17.75]",97.05472630215856,1.0706786037259979,1.8745950941154477,1.0
"(17.75, 17.85]",97.05263384727499,1.0729928287680144,1.874373323956998,4.0
"(17.85, 17.95]",97.05054139239142,1.0753070538100307,1.874151553798548,0.0
"(17.95, 18.05]",97.04844893750786,1.0776212788520472,1.8739297836400983,1.0
"(18.05, 18.15]",97.04635648262429,1.0799355038940637,1.8737080134816484,2.0
"(18.15, 18.25]",97.04426402774072,1.08224972893608,1.8734862433231985,0.0
"(18.25, 18.35]",97.04217157285716,1.0845639539780965,1.8732644731647488,0.0
"(18.35, 18.45]",97.04007911797359,1.086878179020113,1.8730427030062988,1.0
"(18.45, 18.55]",97.03798666309002,1.0891924040621292,1.8728209328478491,1.0
"(18.55, 18.65]",97.03589420820646,1.0915066291041458,1.8725991626893992,1.0
"(18.65, 18.75]",97.03380175332289,1.093820854146162,1.8723773925309493,1.0
"(18.75, 18.85]",97.03170929843932,1.0961350791881785,1.8721556223724996,0.0
"(18.85, 18.95]",97.02961684355576,1.098449304230195,1.8719338522140496,1.0
"(18.95, 19.05]",97.02752438867219,1.1007635292722113,1.8717120820556,2.0
"(19.05, 19.15]",97.02543193378862,1.1030777543142278,1.87149031189715,3.0
"(19.15, 19.25]",97.02333947890506,1.1053919793562443,1.8712685417387003,1.0
"(19.25, 19.35]",97.02124702402149,1.1077062043982608,1.8710467715802503,4.0
"(19.35, 19.45]",97.01915456913792,1.1100204294402771,1.8708250014218004,2.0
"(19.45, 19.55]",97.01706211425436,1.1123346544822936,1.8706032312633507,4.0
"(19.55, 19.65]",97.01496965937079,1.1146488795243101,1.8703814611049008,1.0
"(19.65, 19.75]",97.01287720448722,1.1169631045663264,1.870159690946451,1.0
"(19.75, 19.85]",97.01078474960366,1.119277329608343,1.8699379207880011,1.0
"(19.85, 19.95]",97.00869229472009,1.1215915546503594,1.8697161506295514,2.0
"(19.95, 20.05]",97.00659983983653,1.1239057796923757,1.8694943804711015,36213.0
"(20.05, ∞)",98.44632768361582,0.5649717514124294,0.9887005649717515,708.0
