Interval,WinningChance,DrawingChance,LosingChance,TotalGames
"(-∞, -20.05]",0.18575851393188852,3.4984520123839005,96.3157894736842,413.0
"(-20.05, -19.95]",0.18575851393188852,3.4984520123839005,96.3157894736842,3230.0
"(-19.95, -19.85]",0.19154200792031004,3.5005522634776143,96.30790572860207,0.0
"(-19.85, -19.75]",0.19732550190873133,3.5026525145713276,96.30002198351994,0.0
"(-19.75, -19.65]",0.2031089958971528,3.504752765665041,96.2921382384378,0.0
"(-19.65, -19.55]",0.20889248988557432,3.506853016758755,96.28425449335566,1.0
"(-19.55, -19.45]",0.2146759838739956,3.508953267852468,96.27637074827354,0.0
"(-19.45, -19.35]",0.22045947786241712,3.511053518946182,96.2684870031914,1.0
"(-19.35, -19.25]",0.22624297185083841,3.5131537700398954,96.26060325810926,0.0
"(-19.25, -19.15]",0.2320264658392599,3.515254021133609,96.25271951302713,0.0
"(-19.15, -19.05]",0.2378099598276814,3.5173542722273226,96.24483576794499,0.0
"(-19.05, -18.95]",0.2435934538161027,3.519454523321036,96.23695202286285,0.0
"(-18.95, -18.85]",0.2493769478045242,3.5215547744147497,96.22906827778073,0.0
"(-18.85, -18.75]",0.2551604417929455,3.523655025508463,96.22118453269859,0.0
"(-18.75, -18.65]",0.260943935781367,3.525755276602177,96.21330078761645,0.0
"(-18.65, -18.55]",0.26672742976978847,3.5278555276958903,96.20541704253432,1.0
"(-18.55, -18.45]",0.2725109237582098,3.529955778789604,96.19753329745218,0.0
"(-18.45, -18.35]",0.27829441774663133,3.5320560298833175,96.18964955237004,0.0
"(-18.35, -18.25]",0.2840779117350526,3.534156280977031,96.18176580728792,0.0
"(-18.25, -18.15]",0.2898614057234741,3.5362565320707446,96.17388206220578,0.0
"(-18.15, -18.05]",0.2956448997118956,3.538356783164458,96.16599831712364,1.0
"(-18.05, -17.95]",0.3014283937003169,3.540457034258172,96.15811457204151,0.0
"(-17.95, -17.85]",0.3072118876887384,3.542557285351885,96.15023082695937,0.0
"(-17.85, -17.75]",0.3129953816771597,3.544657536445599,96.14234708187723,0.0
"(-17.75, -17.65]",0.31877887566558116,3.5467577875393124,96.13446333679511,1.0
"(-17.65, -17.55]",0.32456236965400265,3.548858038633026,96.12657959171297,0.0
"(-17.55, -17.45]",0.330345863642424,3.5509582897267395,96.11869584663083,0.0
"(-17.45, -17.35]",0.3361293576308455,3.5530585408204534,96.1108121015487,0.0
"(-17.35, -17.25]",0.34191285161926677,3.5551587919141667,96.10292835646656,0.0
"(-17.25, -17.15]",0.34769634560768825,3.55725904300788,96.09504461138442,0.0
"(-17.15, -17.05]",0.3534798395961098,3.559359294101594,96.0871608663023,0.0
"(-17.05, -16.95]",0.3592633335845311,3.5614595451953073,96.07927712122016,0.0
"(-16.95, -16.85]",0.3650468275729526,3.563559796289021,96.07139337613802,0.0
"(-16.85, -16.75]",0.37083032156137385,3.5656600473827345,96.0635096310559,0.0
"(-16.75, -16.65]",0.37661381554979534,3.5677602984764483,96.05562588597375,0.0
"(-16.65, -16.55]",0.3823973095382169,3.5698605495701616,96.04774214089161,0.0
"(-16.55, -16.45]",0.3881808035266382,3.571960800663875,96.03985839580947,1.0
"(-16.45, -16.35]",0.3939642975150597,3.574061051757589,96.03197465072735,0.0
"(-16.35, -16.25]",0.39974779150348094,3.576161302851302,96.02409090564521,0.0
"(-16.25, -16.15]",0.4055312854919024,3.578261553945016,96.01620716056307,0.0
"(-16.15, -16.05]",0.41131477948032397,3.5803618050387294,96.00832341548094,0.0
"(-16.05, -15.95]",0.4170982734687453,3.582462056132443,96.0004396703988,0.0
"(-15.95, -15.85]",0.42288176745716677,3.5845623072261565,95.99255592531667,1.0
"(-15.85, -15.75]",0.42866526144558814,3.5866625583198704,95.98467218023454,0.0
"(-15.75, -15.65]",0.4344487554340095,3.5887628094135837,95.9767884351524,0.0
"(-15.65, -15.55]",0.44023224942243094,3.590863060507297,95.96890469007026,1.0
"(-15.55, -15.45]",0.44601574341085237,3.592963311601011,95.96102094498814,1.0
"(-15.45, -15.35]",0.45179923739927386,3.5950635626947243,95.953137199906,2.0
"(-15.35, -15.25]",0.45758273138769523,3.597163813788438,95.94525345482386,1.0
"(-15.25, -15.15]",0.46336622537611666,3.5992640648821514,95.93736970974173,3.0
"(-15.15, -15.05]",0.46914971936453803,3.6013643159758653,95.92948596465959,3.0
"(-15.05, -14.95]",0.47493321335295946,3.6034645670695786,95.92160221957745,1.0
"(-14.95, -14.85]",0.48071670734138094,3.6055648181632924,95.91371847449533,2.0
"(-14.85, -14.75]",0.4865002013298023,3.607665069257006,95.90583472941319,2.0
"(-14.75, -14.65]",0.49228369531822375,3.609765320350719,95.89795098433105,1.0
"(-14.65, -14.55]",0.4980671893066451,3.611865571444433,95.89006723924892,3.0
"(-14.55, -14.45]",0.5038506832950665,3.6139658225381464,95.88218349416678,0.0
"(-14.45, -14.35]",0.509634177283488,3.61606607363186,95.87429974908464,3.0
"(-14.35, -14.25]",0.5154176712719094,3.6181663247255735,95.86641600400252,1.0
"(-14.25, -14.15]",0.5212011652603308,3.6202665758192873,95.85853225892038,3.0
"(-14.15, -14.05]",0.5269846592487522,3.6223668269130007,95.85064851383824,3.0
"(-14.05, -13.95]",0.5327681532371736,3.624467078006714,95.84276476875611,5.0
"(-13.95, -13.85]",0.5385516472255951,3.626567329100428,95.83488102367397,3.0
"(-13.85, -13.75]",0.5443351412140165,3.6286675801941413,95.82699727859183,2.0
"(-13.75, -13.65]",0.5501186352024379,3.630767831287855,95.81911353350971,3.0
"(-13.65, -13.55]",0.5559021291908592,3.6328680823815684,95.81122978842757,5.0
"(-13.55, -13.45]",0.5616856231792807,3.6349683334752823,95.80334604334543,4.0
"(-13.45, -13.35]",0.5674691171677022,3.6370685845689956,95.7954622982633,7.0
"(-13.35, -13.25]",0.5732526111561236,3.6391688356627094,95.78757855318116,11.0
"(-13.25, -13.15]",0.579036105144545,3.641269086756423,95.77969480809902,14.0
"(-13.15, -13.05]",0.5848195991329663,3.643369337850136,95.7718110630169,10.0
"(-13.05, -12.95]",0.5906030931213878,3.64546958894385,95.76392731793476,16.0
"(-12.95, -12.85]",0.5963865871098093,3.6475698400375633,95.75604357285262,10.0
"(-12.85, -12.75]",0.6021700810982307,3.649670091131277,95.7481598277705,13.0
"(-12.75, -12.65]",0.607953575086652,3.6517703422249905,95.74027608268835,6.0
"(-12.65, -12.55]",0.6137370690750734,3.6538705933187043,95.73239233760621,6.0
"(-12.55, -12.45]",0.6195205630634949,3.6559708444124177,95.72450859252409,12.0
"(-12.45, -12.35]",0.6253040570519164,3.6580710955061315,95.71662484744195,14.0
"(-12.35, -12.25]",0.6310875510403378,3.660171346599845,95.70874110235981,8.0
"(-12.25, -12.15]",0.6368710450287591,3.6622715976935583,95.70085735727768,13.0
"(-12.15, -12.05]",0.6426545390171806,3.664371848787272,95.69297361219554,6.0
"(-12.05, -11.95]",0.648438033005602,3.6664720998809854,95.6850898671134,15.0
"(-11.95, -11.85]",0.6542215269940235,3.6685723509746992,95.67720612203128,13.0
"(-11.85, -11.75]",0.6600050209824448,3.6706726020684126,95.66932237694914,17.0
"(-11.75, -11.65]",0.6657885149708662,3.6727728531621264,95.661438631867,15.0
"(-11.65, -11.55]",0.6715720089592877,3.67487310425584,95.65355488678487,7.0
"(-11.55, -11.45]",0.6773555029477091,3.6769733553495536,95.64567114170273,12.0
"(-11.45, -11.35]",0.6831389969361306,3.679073606443267,95.6377873966206,15.0
"(-11.35, -11.25]",0.6889224909245519,3.6811738575369803,95.62990365153847,11.0
"(-11.25, -11.15]",0.6947059849129733,3.683274108630694,95.62201990645633,12.0
"(-11.15, -11.05]",0.7004894789013947,3.6853743597244075,95.61413616137419,6.0
"(-11.05, -10.95]",0.7062729728898163,3.6874746108181213,95.60625241629207,11.0
"(-10.95, -10.85]",0.7120564668782376,3.6895748619118347,95.59836867120993,12.0
"(-10.85, -10.75]",0.717839960866659,3.6916751130055485,95.59048492612779,16.0
"(-10.75, -10.65]",0.7236234548550804,3.693775364099262,95.58260118104566,10.0
"(-10.65, -10.55]",0.7294069488435018,3.6958756151929757,95.57471743596352,16.0
"(-10.55, -10.45]",0.7351904428319234,3.697975866286689,95.56683369088138,17.0
"(-10.45, -10.35]",0.7409739368203447,3.7000761173804024,95.55894994579926,21.0
"(-10.35, -10.25]",0.7467574308087661,3.7021763684741162,95.55106620071712,19.0
"(-10.25, -10.15]",0.7525409247971875,3.7042766195678296,95.54318245563498,13.0
"(-10.15, -10.05]",0.7583244187856089,3.7063768706615434,95.53529871055284,14.0
"(-10.05, -9.95]",0.7641079127740305,3.708477121755257,95.52741496547071,15.0
"(-9.95, -9.85]",0.7698914067624518,3.7105773728489706,95.51953122038857,14.0
"(-9.85, -9.75]",0.7756749007508732,3.712677623942684,95.51164747530643,12.0
"(-9.75, -9.65]",0.7814583947392946,3.714777875036398,95.5037637302243,14.0
"(-9.65, -9.55]",0.7872418887277159,3.716878126130111,95.49587998514217,15.0
"(-9.55, -9.45]",0.7930253827161375,3.7189783772238245,95.48799624006003,10.0
"(-9.45, -9.35]",0.7988088767045589,3.7210786283175383,95.4801124949779,20.0
"(-9.35, -9.25]",0.8045923706929803,3.7231788794112517,95.47222874989576,23.0
"(-9.25, -9.15]",0.8103758646814017,3.7252791305049655,95.46434500481362,12.0
"(-9.15, -9.05]",0.816159358669823,3.727379381598679,95.4564612597315,20.0
"(-9.05, -8.95]",0.8219428526582446,3.7294796326923927,95.44857751464936,19.0
"(-8.95, -8.85]",0.827726346646666,3.731579883786106,95.44069376956722,27.0
"(-8.85, -8.75]",0.8335098406350874,3.73368013487982,95.4328100244851,16.0
"(-8.75, -8.65]",0.8392933346235087,3.7357803859735332,95.42492627940295,28.0
"(-8.65, -8.55]",0.8450768286119301,3.7378806370672466,95.41704253432081,29.0
"(-8.55, -8.45]",0.8508603226003517,3.7399808881609604,95.40915878923869,29.0
"(-8.45, -8.35]",0.8566438165887731,3.742081139254674,95.40127504415655,40.0
"(-8.35, -8.25]",0.8624273105771945,3.7441813903483876,95.39339129907441,61.0
"(-8.25, -8.15]",0.8682108045656158,3.746281641442101,95.38550755399228,56.0
"(-8.15, -8.05]",0.8739942985540374,3.7483818925358148,95.37762380891014,63.0
"(-8.05, -7.95]",0.8797777925424588,3.750482143629528,95.369740063828,53.0
"(-7.95, -7.85]",0.8855612865308802,3.752582394723242,95.36185631874588,66.0
"(-7.85, -7.75]",0.8913447805193015,3.7546826458169553,95.35397257366374,60.0
"(-7.75, -7.65]",0.8971282745077229,3.7567828969106687,95.3460888285816,38.0
"(-7.65, -7.55]",0.9029117684961445,3.7588831480043825,95.33820508349947,55.0
"(-7.55, -7.45]",0.9086952624845659,3.760983399098096,95.33032133841733,61.0
"(-7.45, -7.35]",0.9144787564729873,3.7630836501918097,95.3224375933352,67.0
"(-7.35, -7.25]",0.9202622504614086,3.765183901285523,95.31455384825307,67.0
"(-7.25, -7.15]",0.92604574444983,3.767284152379237,95.30667010317093,68.0
"(-7.15, -7.05]",0.9318292384382516,3.7693844034729502,95.29878635808879,68.0
"(-7.05, -6.95]",0.937612732426673,3.771484654566664,95.29090261300666,87.0
"(-6.95, -6.85]",0.9433962264150944,3.7735849056603774,95.28301886792453,106.0
"(-6.85, -6.75]",0.8849557522123894,5.3097345132743365,93.80530973451327,113.0
"(-6.75, -6.65]",1.342281879194631,8.053691275167784,90.60402684563759,149.0
"(-6.65, -6.55]",0.0,6.875000000000001,93.125,160.0
"(-6.55, -6.45]",0.0,8.280254777070063,91.71974522292994,157.0
"(-6.45, -6.35]",2.097902097902098,7.6923076923076925,90.20979020979021,143.0
"(-6.35, -6.25]",0.0,6.451612903225806,93.54838709677419,124.0
"(-6.25, -6.15]",2.112676056338028,4.225352112676056,93.66197183098592,142.0
"(-6.15, -6.05]",1.4285714285714286,5.0,93.57142857142857,140.0
"(-6.05, -5.95]",0.625,5.0,94.375,160.0
"(-5.95, -5.85]",0.5952380952380952,10.714285714285714,88.69047619047619,168.0
"(-5.85, -5.75]",1.6574585635359116,9.94475138121547,88.39779005524862,181.0
"(-5.75, -5.65]",1.2048192771084338,7.228915662650602,91.56626506024097,249.0
"(-5.65, -5.55]",1.7482517482517483,6.643356643356643,91.6083916083916,286.0
"(-5.55, -5.45]",1.9157088122605364,6.513409961685824,91.57088122605363,261.0
"(-5.45, -5.35]",0.5747126436781609,8.620689655172415,90.80459770114942,348.0
"(-5.35, -5.25]",0.30959752321981426,5.572755417956656,94.11764705882352,323.0
"(-5.25, -5.15]",3.6101083032490973,8.303249097472925,88.08664259927798,277.0
"(-5.15, -5.05]",0.6269592476489028,10.031347962382444,89.34169278996865,319.0
"(-5.05, -4.95]",0.964630225080386,9.967845659163988,89.06752411575563,311.0
"(-4.95, -4.85]",2.0895522388059704,12.835820895522387,85.07462686567165,335.0
"(-4.85, -4.75]",1.893939393939394,10.227272727272728,87.87878787878788,264.0
"(-4.75, -4.65]",1.2552301255230125,9.205020920502092,89.5397489539749,239.0
"(-4.65, -4.55]",1.0204081632653061,7.142857142857142,91.83673469387756,196.0
"(-4.55, -4.45]",2.3391812865497075,12.280701754385964,85.38011695906432,171.0
"(-4.45, -4.35]",4.117647058823529,13.529411764705882,82.35294117647058,170.0
"(-4.35, -4.25]",0.591715976331361,13.017751479289942,86.3905325443787,169.0
"(-4.25, -4.15]",1.9230769230769231,8.974358974358974,89.1025641025641,156.0
"(-4.15, -4.05]",5.970149253731343,11.940298507462686,82.08955223880598,134.0
"(-4.05, -3.95]",1.3157894736842104,12.5,86.18421052631578,152.0
"(-3.95, -3.85]",1.5873015873015872,17.46031746031746,80.95238095238095,126.0
"(-3.85, -3.75]",4.545454545454546,12.121212121212121,83.33333333333334,132.0
"(-3.75, -3.65]",2.976190476190476,10.119047619047619,86.90476190476191,168.0
"(-3.65, -3.55]",0.8130081300813009,14.634146341463413,84.5528455284553,123.0
"(-3.55, -3.45]",2.380952380952381,28.57142857142857,69.04761904761905,126.0
"(-3.45, -3.35]",4.724409448818897,10.236220472440944,85.03937007874016,127.0
"(-3.35, -3.25]",3.546099290780142,14.893617021276595,81.56028368794325,141.0
"(-3.25, -3.15]",5.932203389830509,20.33898305084746,73.72881355932203,118.0
"(-3.15, -3.05]",3.4965034965034967,14.685314685314685,81.81818181818183,143.0
"(-3.05, -2.95]",8.571428571428571,22.857142857142858,68.57142857142857,140.0
"(-2.95, -2.85]",5.223880597014925,21.641791044776117,73.13432835820896,134.0
"(-2.85, -2.75]",4.411764705882353,19.11764705882353,76.47058823529412,136.0
"(-2.75, -2.65]",4.761904761904762,23.12925170068027,72.10884353741497,147.0
"(-2.65, -2.55]",9.523809523809524,26.190476190476193,64.28571428571429,126.0
"(-2.55, -2.45]",2.7586206896551726,31.03448275862069,66.20689655172414,145.0
"(-2.45, -2.35]",6.8181818181818175,21.96969696969697,71.21212121212122,132.0
"(-2.35, -2.25]",5.128205128205128,23.076923076923077,71.7948717948718,117.0
"(-2.25, -2.15]",1.5267175572519083,22.137404580152673,76.33587786259542,131.0
"(-2.15, -2.05]",3.007518796992481,27.819548872180448,69.17293233082707,133.0
"(-2.05, -1.95]",3.1446540880503147,32.075471698113205,64.77987421383648,159.0
"(-1.95, -1.85]",4.545454545454546,32.57575757575758,62.878787878787875,132.0
"(-1.85, -1.75]",7.563025210084033,28.57142857142857,63.86554621848739,119.0
"(-1.75, -1.65]",5.084745762711865,36.440677966101696,58.47457627118644,118.0
"(-1.65, -1.55]",6.3024518676978785,38.85689210685097,54.84065602545115,99.0
"(-1.55, -1.45]",7.520157972683889,41.27310624760024,51.20673577971587,100.0
"(-1.45, -1.35]",8.737864077669903,43.689320388349515,47.57281553398058,103.0
"(-1.35, -1.25]",7.0950839882878745,45.95161041762983,46.953305594082295,97.0
"(-1.25, -1.15]",5.452303898905843,48.21390044691015,46.333795654184,95.0
"(-1.15, -1.05]",3.8095238095238098,50.476190476190474,45.714285714285715,105.0
"(-1.05, -0.95]",4.235095613048369,50.849268841394824,44.91563554555681,86.0
"(-0.95, -0.85]",4.660667416572928,51.22234720659917,44.1169853768279,88.0
"(-0.85, -0.75]",5.086239220097488,51.59542557180352,43.318335208098986,91.0
"(-0.75, -0.65]",5.511811023622047,51.96850393700787,42.51968503937008,127.0
"(-0.65, -0.55]",9.923664122137405,46.56488549618321,43.51145038167939,131.0
"(-0.55, -0.45]",5.64516129032258,50.0,44.354838709677416,248.0
"(-0.45, -0.35]",3.145695364238411,63.576158940397356,33.27814569536424,604.0
"(-0.35, -0.25]",1.8867924528301887,70.07156798959011,28.0416395575797,1537.0
"(-0.25, -0.15]",3.765861645517806,69.87310683585756,26.36103151862464,2443.0
"(-0.15, -0.05]",3.864734299516908,75.78502415458938,20.35024154589372,3312.0
"(-0.05, 0.05]",8.847872008865188,83.6998303147834,7.452297676351422,28877.0
"(0.05, 0.15]",21.338096784670345,74.21240662552778,4.449496589801884,3079.0
"(0.15, 0.25]",24.067085953878404,72.95597484276729,2.9769392033542976,2385.0
"(0.25, 0.35]",25.767309064953604,72.01998572448251,2.212705210563883,1401.0
"(0.35, 0.45]",31.774193548387096,65.48387096774194,2.741935483870968,620.0
"(0.45, 0.55]",44.785276073619634,50.920245398773,4.294478527607362,326.0
"(0.55, 0.65]",43.75,55.11363636363637,1.1363636363636365,176.0
"(0.65, 0.75]",41.21212121212121,54.54545454545454,4.242424242424243,165.0
"(0.75, 0.85]",46.788990825688074,51.37614678899083,1.834862385321101,109.0
"(0.85, 0.95]",46.788990825688074,48.62385321100918,4.587155963302752,109.0
"(0.95, 1.05]",49.122807017543856,43.859649122807014,7.017543859649122,114.0
"(1.05, 1.15]",48.46153846153846,44.61538461538462,6.923076923076923,130.0
"(1.15, 1.25]",51.35135135135135,45.04504504504504,3.6036036036036037,111.0
"(1.25, 1.35]",38.23529411764706,59.80392156862745,1.9607843137254901,102.0
"(1.35, 1.45]",44.074266874891556,54.02857308114986,1.8971600439585863,62.0
"(1.45, 1.55]",49.91323963213604,48.253224593672286,1.8335357741916827,78.0
"(1.55, 1.65]",55.75221238938053,42.47787610619469,1.7699115044247788,113.0
"(1.65, 1.75]",60.29411764705882,36.029411764705884,3.6764705882352944,136.0
"(1.75, 1.85]",53.84615384615385,41.88034188034188,4.273504273504273,117.0
"(1.85, 1.95]",67.59776536312849,30.16759776536313,2.2346368715083798,179.0
"(1.95, 2.05]",76.10062893081762,21.38364779874214,2.515723270440252,159.0
"(2.05, 2.15]",61.31386861313869,34.306569343065696,4.37956204379562,137.0
"(2.15, 2.25]",67.94871794871796,29.48717948717949,2.564102564102564,156.0
"(2.25, 2.35]",71.59763313609467,25.443786982248522,2.9585798816568047,169.0
"(2.35, 2.45]",71.42857142857143,24.285714285714285,4.285714285714286,140.0
"(2.45, 2.55]",75.28735632183908,22.988505747126435,1.7241379310344827,174.0
"(2.55, 2.65]",76.02739726027397,22.602739726027394,1.36986301369863,146.0
"(2.65, 2.75]",74.83443708609272,22.516556291390728,2.6490066225165565,151.0
"(2.75, 2.85]",78.41726618705036,17.985611510791365,3.597122302158273,139.0
"(2.85, 2.95]",81.48148148148148,16.049382716049383,2.4691358024691357,162.0
"(2.95, 3.05]",76.19047619047619,21.768707482993197,2.0408163265306123,147.0
"(3.05, 3.15]",78.98550724637681,17.391304347826086,3.6231884057971016,138.0
"(3.15, 3.25]",78.39506172839506,20.37037037037037,1.2345679012345678,162.0
"(3.25, 3.35]",77.55102040816327,20.408163265306122,2.0408163265306123,147.0
"(3.35, 3.45]",82.66666666666667,12.666666666666668,4.666666666666667,150.0
"(3.45, 3.55]",85.16129032258064,12.903225806451612,1.935483870967742,155.0
"(3.55, 3.65]",82.66666666666667,16.0,1.3333333333333335,150.0
"(3.65, 3.75]",86.99186991869918,10.569105691056912,2.4390243902439024,123.0
"(3.75, 3.85]",83.33333333333334,15.079365079365079,1.5873015873015872,126.0
"(3.85, 3.95]",84.13793103448276,15.172413793103448,0.6896551724137931,145.0
"(3.95, 4.05]",83.57142857142857,15.0,1.4285714285714286,140.0
"(4.05, 4.15]",92.42424242424242,6.0606060606060606,1.5151515151515151,132.0
"(4.15, 4.25]",81.10236220472441,18.11023622047244,0.7874015748031495,127.0
"(4.25, 4.35]",85.71428571428571,10.285714285714285,4.0,175.0
"(4.35, 4.45]",90.0,7.391304347826087,2.608695652173913,230.0
"(4.45, 4.55]",82.90155440414507,15.544041450777202,1.5544041450777202,193.0
"(4.55, 4.65]",91.23505976095618,7.171314741035857,1.593625498007968,251.0
"(4.65, 4.75]",91.0394265232975,7.168458781362006,1.7921146953405016,279.0
"(4.75, 4.85]",89.35483870967742,9.67741935483871,0.967741935483871,310.0
"(4.85, 4.95]",89.76109215017065,8.873720136518772,1.3651877133105803,293.0
"(4.95, 5.05]",89.64401294498381,8.090614886731391,2.26537216828479,309.0
"(5.05, 5.15]",90.42904290429043,7.590759075907591,1.9801980198019802,303.0
"(5.15, 5.25]",91.58576051779936,5.825242718446602,2.5889967637540456,309.0
"(5.25, 5.35]",88.7719298245614,8.771929824561402,2.456140350877193,285.0
"(5.35, 5.45]",90.71207430340557,8.6687306501548,0.6191950464396285,323.0
"(5.45, 5.55]",90.27777777777779,8.055555555555555,1.6666666666666667,360.0
"(5.55, 5.65]",90.25270758122743,8.303249097472925,1.444043321299639,277.0
"(5.65, 5.75]",89.14027149321268,8.597285067873303,2.262443438914027,221.0
"(5.75, 5.85]",88.50574712643679,10.344827586206897,1.1494252873563218,174.0
"(5.85, 5.95]",90.72847682119205,8.609271523178808,0.6622516556291391,151.0
"(5.95, 6.05]",94.11764705882352,5.88235294117647,0.0,136.0
"(6.05, 6.15]",88.33333333333333,9.166666666666666,2.5,120.0
"(6.15, 6.25]",93.84615384615384,6.153846153846154,0.0,130.0
"(6.25, 6.35]",90.12345679012346,8.641975308641975,1.2345679012345678,162.0
"(6.35, 6.45]",92.05298013245033,7.9470198675496695,0.0,151.0
"(6.45, 6.55]",93.0379746835443,6.329113924050633,0.6329113924050633,158.0
"(6.55, 6.65]",91.44736842105263,7.894736842105263,0.6578947368421052,152.0
"(6.65, 6.75]",90.76923076923077,8.461538461538462,0.7692307692307693,130.0
"(6.75, 6.85]",92.80000000000001,5.6000000000000005,1.6,125.0
"(6.85, 6.95]",90.9090909090909,9.090909090909092,0.0,121.0
"(6.95, 7.05]",90.94161223951372,9.054077704647112,0.004310055839167895,71.0
"(7.05, 7.15]",90.97413356993653,9.017246318385132,0.008620111678335752,72.0
"(7.15, 7.25]",91.00665490035934,8.980414932123152,0.012930167517503647,77.0
"(7.25, 7.35]",91.03917623078216,8.943583545861172,0.017240223356671504,72.0
"(7.35, 7.45]",91.07169756120497,8.906752159599192,0.02155027919583936,70.0
"(7.45, 7.55]",91.10421889162778,8.869920773337212,0.025860335035007256,72.0
"(7.55, 7.65]",91.13674022205059,8.833089387075232,0.030170390874175113,65.0
"(7.65, 7.75]",91.1692615524734,8.796258000813252,0.03448044671334301,64.0
"(7.75, 7.85]",91.20178288289621,8.759426614551272,0.03879050255251087,60.0
"(7.85, 7.95]",91.23430421331902,8.722595228289292,0.04310055839167872,54.0
"(7.95, 8.05]",91.26682554374185,8.685763842027312,0.047410614230846616,56.0
"(8.05, 8.15]",91.29934687416466,8.648932455765332,0.05172067007001451,58.0
"(8.15, 8.25]",91.33186820458747,8.612101069503352,0.05603072590918237,42.0
"(8.25, 8.35]",91.36438953501028,8.575269683241372,0.060340781748350225,40.0
"(8.35, 8.45]",91.39691086543309,8.538438296979391,0.06465083758751808,47.0
"(8.45, 8.55]",91.4294321958559,8.501606910717411,0.06896089342668593,39.0
"(8.55, 8.65]",91.4619535262787,8.464775524455431,0.07327094926585387,28.0
"(8.65, 8.75]",91.49447485670153,8.427944138193451,0.07758100510502174,23.0
"(8.75, 8.85]",91.52699618712434,8.391112751931471,0.08189106094418959,32.0
"(8.85, 8.95]",91.55951751754715,8.354281365669491,0.08620111678335744,19.0
"(8.95, 9.05]",91.59203884796996,8.317449979407511,0.0905111726225253,21.0
"(9.05, 9.15]",91.62456017839277,8.280618593145531,0.09482122846169323,20.0
"(9.15, 9.25]",91.65708150881558,8.243787206883551,0.09913128430086109,17.0
"(9.25, 9.35]",91.68960283923839,8.206955820621571,0.10344134014002895,16.0
"(9.35, 9.45]",91.72212416966121,8.170124434359591,0.1077513959791968,15.0
"(9.45, 9.55]",91.75464550008402,8.133293048097611,0.11206145181836466,15.0
"(9.55, 9.65]",91.78716683050683,8.096461661835631,0.1163715076575326,14.0
"(9.65, 9.75]",91.81968816092964,8.059630275573651,0.12068156349670045,9.0
"(9.75, 9.85]",91.85220949135245,8.022798889311671,0.1249916193358683,10.0
"(9.85, 9.95]",91.88473082177526,7.985967503049691,0.12930167517503616,18.0
"(9.95, 10.05]",91.91725215219807,7.949136116787711,0.133611731014204,14.0
"(10.05, 10.15]",91.9497734826209,7.912304730525731,0.13792178685337195,15.0
"(10.15, 10.25]",91.98229481304371,7.875473344263751,0.1422318426925398,20.0
"(10.25, 10.35]",92.01481614346652,7.838641958001771,0.14654189853170768,15.0
"(10.35, 10.45]",92.04733747388933,7.801810571739791,0.15085195437087554,16.0
"(10.45, 10.55]",92.07985880431214,7.764979185477811,0.1551620102100434,25.0
"(10.55, 10.65]",92.11238013473495,7.728147799215831,0.15947206604921133,18.0
"(10.65, 10.75]",92.14490146515777,7.691316412953851,0.16378212188837918,19.0
"(10.75, 10.85]",92.17742279558058,7.654485026691871,0.16809217772754703,19.0
"(10.85, 10.95]",92.20994412600339,7.617653640429891,0.17240223356671489,20.0
"(10.95, 11.05]",92.2424654564262,7.580822254167912,0.17671228940588274,24.0
"(11.05, 11.15]",92.27498678684901,7.543990867905931,0.18102234524505068,17.0
"(11.15, 11.25]",92.30750811727182,7.507159481643951,0.18533240108421853,23.0
"(11.25, 11.35]",92.34002944769463,7.470328095381971,0.18964245692338638,18.0
"(11.35, 11.45]",92.37255077811746,7.433496709119991,0.19395251276255424,18.0
"(11.45, 11.55]",92.40507210854027,7.396665322858012,0.1982625686017221,17.0
"(11.55, 11.65]",92.43759343896308,7.359833936596031,0.20257262444089003,12.0
"(11.65, 11.75]",92.47011476938589,7.323002550334051,0.2068826802800579,12.0
"(11.75, 11.85]",92.5026360998087,7.286171164072071,0.21119273611922576,11.0
"(11.85, 11.95]",92.53515743023151,7.249339777810091,0.2155027919583936,16.0
"(11.95, 12.05]",92.56767876065432,7.212508391548112,0.21981284779756147,16.0
"(12.05, 12.15]",92.60020009107714,7.175677005286131,0.2241229036367294,14.0
"(12.15, 12.25]",92.63272142149995,7.138845619024151,0.22843295947589726,13.0
"(12.25, 12.35]",92.66524275192276,7.102014232762171,0.2327430153150651,17.0
"(12.35, 12.45]",92.69776408234557,7.065182846500191,0.23705307115423296,12.0
"(12.45, 12.55]",92.73028541276838,7.028351460238212,0.24136312699340082,15.0
"(12.55, 12.65]",92.76280674319119,6.991520073976231,0.24567318283256875,19.0
"(12.65, 12.75]",92.795328073614,6.954688687714251,0.2499832386717366,9.0
"(12.75, 12.85]",92.82784940403683,6.917857301452271,0.2542932945109045,19.0
"(12.85, 12.95]",92.86037073445964,6.881025915190292,0.2586033503500723,20.0
"(12.95, 13.05]",92.89289206488245,6.844194528928312,0.2629134061892402,12.0
"(13.05, 13.15]",92.92541339530526,6.807363142666331,0.26722346202840813,12.0
"(13.15, 13.25]",92.95793472572807,6.770531756404351,0.27153351786757596,15.0
"(13.25, 13.35]",92.99045605615088,6.733700370142371,0.27584357370674384,10.0
"(13.35, 13.45]",93.02297738657369,6.696868983880392,0.28015362954591166,6.0
"(13.45, 13.55]",93.05549871699651,6.660037597618412,0.28446368538507955,3.0
"(13.55, 13.65]",93.08802004741932,6.623206211356431,0.2887737412242475,5.0
"(13.65, 13.75]",93.12054137784213,6.586374825094451,0.29308379706341536,3.0
"(13.75, 13.85]",93.15306270826494,6.549543438832471,0.2973938529025832,7.0
"(13.85, 13.95]",93.18558403868775,6.512712052570492,0.30170390874175107,2.0
"(13.95, 14.05]",93.21810536911056,6.475880666308512,0.3060139645809189,5.0
"(14.05, 14.15]",93.25062669953337,6.439049280046531,0.31032402042008683,5.0
"(14.15, 14.25]",93.2831480299562,6.402217893784551,0.3146340762592547,4.0
"(14.25, 14.35]",93.315669360379,6.3653865075225715,0.31894413209842254,5.0
"(14.35, 14.45]",93.34819069080181,6.3285551212605915,0.3232541879375904,3.0
"(14.45, 14.55]",93.38071202122462,6.2917237349986115,0.32756424377675825,3.0
"(14.55, 14.65]",93.41323335164743,6.254892348736631,0.3318742996159262,5.0
"(14.65, 14.75]",93.44575468207024,6.218060962474651,0.33618435545509406,3.0
"(14.75, 14.85]",93.47827601249305,6.181229576212671,0.3404944112942619,3.0
"(14.85, 14.95]",93.51079734291588,6.144398189950691,0.34480446713342977,1.0
"(14.95, 15.05]",93.54331867333869,6.107566803688711,0.34911452297259765,3.0
"(15.05, 15.15]",93.5758400037615,6.0707354174267305,0.3534245788117656,3.0
"(15.15, 15.25]",93.60836133418431,6.0339040311647505,0.3577346346509334,3.0
"(15.25, 15.35]",93.64088266460712,5.997072644902771,0.3620446904901013,4.0
"(15.35, 15.45]",93.67340399502993,5.960241258640791,0.3663547463292691,1.0
"(15.45, 15.55]",93.70592532545274,5.923409872378811,0.370664802168437,1.0
"(15.55, 15.65]",93.73844665587556,5.88657848611683,0.37497485800760494,0.0
"(15.65, 15.75]",93.77096798629837,5.849747099854851,0.37928491384677276,0.0
"(15.75, 15.85]",93.80348931672118,5.812915713592871,0.38359496968594065,0.0
"(15.85, 15.95]",93.836010647144,5.776084327330891,0.38790502552510847,1.0
"(15.95, 16.05]",93.8685319775668,5.739252941068912,0.39221508136427635,1.0
"(16.05, 16.15]",93.90105330798961,5.70242155480693,0.3965251372034443,0.0
"(16.15, 16.25]",93.93357463841242,5.665590168544952,0.40083519304261206,2.0
"(16.25, 16.35]",93.96609596883525,5.628758782282971,0.40514524888178,0.0
"(16.35, 16.45]",93.99861729925806,5.59192739602099,0.40945530472094793,0.0
"(16.45, 16.55]",94.03113862968087,5.555096009759012,0.4137653605601157,0.0
"(16.55, 16.65]",94.06365996010368,5.518264623497031,0.41807541639928364,0.0
"(16.65, 16.75]",94.09618129052649,5.481433237235052,0.4223854722384514,1.0
"(16.75, 16.85]",94.1287026209493,5.444601850973071,0.42669552807761935,0.0
"(16.85, 16.95]",94.16122395137212,5.40777046471109,0.4310055839167873,0.0
"(16.95, 17.05]",94.19374528179493,5.370939078449112,0.43531563975595505,0.0
"(17.05, 17.15]",94.22626661221774,5.334107692187131,0.439625695595123,0.0
"(17.15, 17.25]",94.25878794264055,5.297276305925152,0.44393575143429076,0.0
"(17.25, 17.35]",94.29130927306336,5.260444919663171,0.4482458072734587,0.0
"(17.35, 17.45]",94.32383060348617,5.22361353340119,0.45255586311262663,0.0
"(17.45, 17.55]",94.35635193390898,5.186782147139212,0.4568659189517944,0.0
"(17.55, 17.65]",94.3888732643318,5.149950760877231,0.46117597479096234,0.0
"(17.65, 17.75]",94.42139459475462,5.113119374615252,0.46548603063013017,0.0
"(17.75, 17.85]",94.45391592517743,5.076287988353271,0.4697960864692981,0.0
"(17.85, 17.95]",94.48643725560024,5.039456602091291,0.47410614230846604,0.0
"(17.95, 18.05]",94.51895858602305,5.002625215829312,0.4784161981476338,0.0
"(18.05, 18.15]",94.55147991644586,4.965793829567331,0.48272625398680175,0.0
"(18.15, 18.25]",94.58400124686867,4.928962443305352,0.4870363098259695,0.0
"(18.25, 18.35]",94.61652257729149,4.892131057043371,0.49134636566513745,0.0
"(18.35, 18.45]",94.6490439077143,4.855299670781391,0.4956564215043054,0.0
"(18.45, 18.55]",94.68156523813711,4.818468284519412,0.49996647734347316,0.0
"(18.55, 18.65]",94.71408656855992,4.781636898257431,0.5042765331826411,0.0
"(18.65, 18.75]",94.74660789898273,4.744805511995452,0.5085865890218089,0.0
"(18.75, 18.85]",94.77912922940554,4.707974125733471,0.5128966448609767,0.0
"(18.85, 18.95]",94.81165055982835,4.671142739471491,0.5172067007001447,0.0
"(18.95, 19.05]",94.84417189025118,4.634311353209512,0.5215167565393125,0.0
"(19.05, 19.15]",94.87669322067399,4.597479966947531,0.5258268123784805,0.0
"(19.15, 19.25]",94.9092145510968,4.560648580685552,0.5301368682176483,0.0
"(19.25, 19.35]",94.9417358815196,4.523817194423571,0.5344469240568162,0.0
"(19.35, 19.45]",94.97425721194242,4.486985808161591,0.5387569798959841,0.0
"(19.45, 19.55]",95.00677854236523,4.450154421899612,0.5430670357351519,0.0
"(19.55, 19.65]",95.03929987278804,4.413323035637631,0.5473770915743198,0.0
"(19.65, 19.75]",95.07182120321085,4.376491649375652,0.5516871474134876,0.0
"(19.75, 19.85]",95.10434253363367,4.339660263113671,0.5559972032526556,0.0
"(19.85, 19.95]",95.13686386405648,4.302828876851691,0.5603072590918234,0.0
"(19.95, 20.05]",95.16938519447929,4.265997490589712,0.5646173149309912,3188.0
"(20.05, ∞)",96.3718820861678,2.0408163265306123,1.5873015873015872,441.0
