Interval,WinningChance,DrawingChance,LosingChance,TotalGames
"(-∞, -20.05]",0.9695652173913043,1.4217391304347826,97.60869565217392,2244.0
"(-20.05, -19.95]",0.9695652173913043,1.4217391304347826,97.60869565217392,23000.0
"(-19.95, -19.85]",0.9819866589496701,1.427411707619365,97.59060163343098,0.0
"(-19.85, -19.75]",0.9944081005080355,1.4330842848039473,97.57250761468802,0.0
"(-19.75, -19.65]",1.0068295420664013,1.4387568619885298,97.55441359594508,1.0
"(-19.65, -19.55]",1.0192509836247672,1.4444294391731123,97.53631957720212,0.0
"(-19.55, -19.45]",1.0316724251831324,1.4501020163576945,97.51822555845918,0.0
"(-19.45, -19.35]",1.0440938667414983,1.455774593542277,97.50013153971624,1.0
"(-19.35, -19.25]",1.0565153082998637,1.4614471707268593,97.48203752097328,0.0
"(-19.25, -19.15]",1.0689367498582294,1.4671197479114417,97.46394350223034,1.0
"(-19.15, -19.05]",1.0813581914165953,1.4727923250960242,97.4458494834874,0.0
"(-19.05, -18.95]",1.0937796329749607,1.4784649022806065,97.42775546474444,2.0
"(-18.95, -18.85]",1.1062010745333264,1.484137479465189,97.4096614460015,3.0
"(-18.85, -18.75]",1.1186225160916918,1.4898100566497712,97.39156742725855,0.0
"(-18.75, -18.65]",1.1310439576500575,1.4954826338343534,97.3734734085156,0.0
"(-18.65, -18.55]",1.1434653992084234,1.501155211018936,97.35537938977265,1.0
"(-18.55, -18.45]",1.1558868407667888,1.5068277882035181,97.3372853710297,1.0
"(-18.45, -18.35]",1.1683082823251545,1.5125003653881006,97.31919135228675,1.0
"(-18.35, -18.25]",1.18072972388352,1.5181729425726829,97.30109733354381,0.0
"(-18.25, -18.15]",1.1931511654418858,1.5238455197572653,97.28300331480085,2.0
"(-18.15, -18.05]",1.2055726070002515,1.5295180969418478,97.26490929605791,2.0
"(-18.05, -17.95]",1.217994048558617,1.53519067412643,97.24681527731497,0.0
"(-17.95, -17.85]",1.2304154901169828,1.5408632513110125,97.22872125857201,0.0
"(-17.85, -17.75]",1.242836931675348,1.5465358284955948,97.21062723982907,1.0
"(-17.75, -17.65]",1.255258373233714,1.5522084056801773,97.19253322108611,3.0
"(-17.65, -17.55]",1.2676798147920798,1.5578809828647597,97.17443920234317,2.0
"(-17.55, -17.45]",1.280101256350445,1.563553560049342,97.15634518360022,1.0
"(-17.45, -17.35]",1.292522697908811,1.5692261372339245,97.13825116485727,4.0
"(-17.35, -17.25]",1.3049441394671764,1.5748987144185067,97.12015714611432,1.0
"(-17.25, -17.15]",1.317365581025542,1.5805712916030892,97.10206312737138,2.0
"(-17.15, -17.05]",1.329787022583908,1.5862438687876717,97.08396910862842,1.0
"(-17.05, -16.95]",1.3422084641422733,1.591916445972254,97.06587508988548,7.0
"(-16.95, -16.85]",1.354629905700639,1.5975890231568364,97.04778107114252,3.0
"(-16.85, -16.75]",1.3670513472590045,1.6032616003414186,97.02968705239958,9.0
"(-16.75, -16.65]",1.3794727888173703,1.608934177526001,97.01159303365664,6.0
"(-16.65, -16.55]",1.391894230375736,1.6146067547105836,96.99349901491368,4.0
"(-16.55, -16.45]",1.4043156719341015,1.6202793318951658,96.97540499617074,8.0
"(-16.45, -16.35]",1.4167371134924673,1.6259519090797483,96.9573109774278,6.0
"(-16.35, -16.25]",1.4291585550508326,1.6316244862643305,96.93921695868484,11.0
"(-16.25, -16.15]",1.4415799966091984,1.637297063448913,96.9211229399419,4.0
"(-16.15, -16.05]",1.4540014381675643,1.6429696406334955,96.90302892119894,11.0
"(-16.05, -15.95]",1.4664228797259296,1.6486422178180775,96.884934902456,9.0
"(-15.95, -15.85]",1.4788443212842954,1.65431479500266,96.86684088371305,14.0
"(-15.85, -15.75]",1.4912657628426609,1.6599873721872425,96.8487468649701,6.0
"(-15.75, -15.65]",1.5036872044010265,1.6656599493718247,96.83065284622715,12.0
"(-15.65, -15.55]",1.5161086459593922,1.6713325265564072,96.81255882748421,15.0
"(-15.55, -15.45]",1.5285300875177579,1.6770051037409894,96.79446480874125,16.0
"(-15.45, -15.35]",1.5409515290761235,1.682677680925572,96.77637078999831,15.0
"(-15.35, -15.25]",1.5533729706344892,1.6883502581101544,96.75827677125535,21.0
"(-15.25, -15.15]",1.5657944121928549,1.6940228352947366,96.74018275251241,21.0
"(-15.15, -15.05]",1.5782158537512203,1.699695412479319,96.72208873376947,22.0
"(-15.05, -14.95]",1.590637295309586,1.7053679896639014,96.70399471502651,31.0
"(-14.95, -14.85]",1.6030587368679519,1.7110405668484838,96.68590069628357,32.0
"(-14.85, -14.75]",1.6154801784263173,1.7167131440330663,96.66780667754063,30.0
"(-14.75, -14.65]",1.627901619984683,1.7223857212176485,96.64971265879767,30.0
"(-14.65, -14.55]",1.6403230615430484,1.7280582984022308,96.63161864005473,25.0
"(-14.55, -14.45]",1.652744503101414,1.7337308755868133,96.61352462131177,42.0
"(-14.45, -14.35]",1.6651659446597797,1.7394034527713957,96.59543060256883,53.0
"(-14.35, -14.25]",1.6775873862181454,1.745076029955978,96.57733658382588,37.0
"(-14.25, -14.15]",1.690008827776511,1.7507486071405605,96.55924256508293,42.0
"(-14.15, -14.05]",1.7024302693348767,1.7564211843251427,96.54114854633998,38.0
"(-14.05, -13.95]",1.7148517108932424,1.7620937615097252,96.52305452759704,45.0
"(-13.95, -13.85]",1.727273152451608,1.7677663386943077,96.50496050885408,37.0
"(-13.85, -13.75]",1.7396945940099737,1.77343891587889,96.48686649011114,69.0
"(-13.75, -13.65]",1.7521160355683394,1.7791114930634722,96.4687724713682,53.0
"(-13.65, -13.55]",1.7645374771267048,1.7847840702480546,96.45067845262524,66.0
"(-13.55, -13.45]",1.7769589186850703,1.790456647432637,96.4325844338823,82.0
"(-13.45, -13.35]",1.7893803602434364,1.7961292246172196,96.41449041513934,79.0
"(-13.35, -13.25]",1.8018018018018018,1.8018018018018018,96.3963963963964,111.0
"(-13.25, -13.15]",2.459016393442623,0.0,97.54098360655738,122.0
"(-13.15, -13.05]",0.0,2.564102564102564,97.43589743589743,117.0
"(-13.05, -12.95]",0.0,0.819672131147541,99.18032786885246,122.0
"(-12.95, -12.85]",0.0,0.0,100.0,141.0
"(-12.85, -12.75]",1.935483870967742,0.0,98.06451612903226,155.0
"(-12.75, -12.65]",0.0,2.6785714285714284,97.32142857142857,112.0
"(-12.65, -12.55]",0.7042253521126761,1.4084507042253522,97.88732394366197,142.0
"(-12.55, -12.45]",0.6060606060606061,1.2121212121212122,98.18181818181819,165.0
"(-12.45, -12.35]",0.0,4.191616766467066,95.80838323353294,167.0
"(-12.35, -12.25]",0.0,0.6024096385542169,99.3975903614458,166.0
"(-12.25, -12.15]",0.5747126436781609,0.5747126436781609,98.85057471264368,174.0
"(-12.15, -12.05]",1.4184397163120568,1.4184397163120568,97.16312056737588,141.0
"(-12.05, -11.95]",0.6802721088435374,2.7210884353741496,96.5986394557823,147.0
"(-11.95, -11.85]",1.9230769230769231,1.282051282051282,96.7948717948718,156.0
"(-11.85, -11.75]",1.2195121951219512,0.6097560975609756,98.17073170731707,164.0
"(-11.75, -11.65]",0.9803921568627451,0.9803921568627451,98.0392156862745,204.0
"(-11.65, -11.55]",0.9900990099009901,1.9801980198019802,97.02970297029702,202.0
"(-11.55, -11.45]",3.3333333333333335,1.4285714285714286,95.23809523809523,210.0
"(-11.45, -11.35]",0.9523809523809524,1.4285714285714286,97.61904761904762,210.0
"(-11.35, -11.25]",0.5555555555555556,2.7777777777777777,96.66666666666667,180.0
"(-11.25, -11.15]",1.3274336283185841,0.8849557522123894,97.78761061946902,226.0
"(-11.15, -11.05]",0.4424778761061947,1.3274336283185841,98.23008849557522,226.0
"(-11.05, -10.95]",0.7299270072992701,1.4598540145985401,97.8102189781022,274.0
"(-10.95, -10.85]",1.36986301369863,0.684931506849315,97.94520547945206,292.0
"(-10.85, -10.75]",0.33783783783783783,1.3513513513513513,98.3108108108108,296.0
"(-10.75, -10.65]",0.8955223880597015,1.791044776119403,97.31343283582089,335.0
"(-10.65, -10.55]",0.0,1.7964071856287425,98.20359281437125,334.0
"(-10.55, -10.45]",1.2345679012345678,0.0,98.76543209876543,405.0
"(-10.45, -10.35]",1.095890410958904,1.9178082191780823,96.98630136986301,365.0
"(-10.35, -10.25]",1.488833746898263,1.488833746898263,97.02233250620348,403.0
"(-10.25, -10.15]",1.4423076923076923,1.9230769230769231,96.63461538461539,416.0
"(-10.15, -10.05]",2.2900763358778624,0.7633587786259541,96.94656488549617,393.0
"(-10.05, -9.95]",1.431980906921241,2.1479713603818613,96.4200477326969,419.0
"(-9.95, -9.85]",0.4662004662004662,1.3986013986013985,98.13519813519814,429.0
"(-9.85, -9.75]",1.5053763440860215,1.7204301075268817,96.7741935483871,465.0
"(-9.75, -9.65]",1.6632016632016633,1.2474012474012475,97.0893970893971,481.0
"(-9.65, -9.55]",1.3108614232209739,0.5617977528089888,98.12734082397003,534.0
"(-9.55, -9.45]",1.092896174863388,0.9107468123861567,97.99635701275045,549.0
"(-9.45, -9.35]",0.4934210526315789,1.9736842105263157,97.5328947368421,608.0
"(-9.35, -9.25]",1.8425460636515913,1.0050251256281406,97.15242881072027,597.0
"(-9.25, -9.15]",1.6666666666666667,0.9090909090909091,97.42424242424242,660.0
"(-9.15, -9.05]",1.188707280832095,1.7830609212481425,97.02823179791976,673.0
"(-9.05, -8.95]",1.328502415458937,1.8115942028985508,96.85990338164251,828.0
"(-8.95, -8.85]",1.0895883777239708,1.2106537530266344,97.6997578692494,826.0
"(-8.85, -8.75]",0.6779661016949152,1.694915254237288,97.6271186440678,885.0
"(-8.75, -8.65]",1.4891179839633446,1.4891179839633446,97.0217640320733,873.0
"(-8.65, -8.55]",1.2048192771084338,1.7524644030668126,97.04271631982475,913.0
"(-8.55, -8.45]",1.2633624878522838,0.9718172983479106,97.76482021379981,1029.0
"(-8.45, -8.35]",1.0018214936247722,2.823315118397086,96.17486338797814,1098.0
"(-8.35, -8.25]",1.4354066985645932,1.5948963317384368,96.96969696969697,1254.0
"(-8.25, -8.15]",1.4630577907827358,1.755669348939283,96.78127286027798,1367.0
"(-8.15, -8.05]",0.9769713886950453,1.6050244242847174,97.41800418702023,1433.0
"(-8.05, -7.95]",0.9364548494983277,2.0066889632107023,97.05685618729098,1495.0
"(-7.95, -7.85]",1.5141540487162608,2.0408163265306123,96.44502962475313,1519.0
"(-7.85, -7.75]",1.4109347442680775,1.4109347442680775,97.17813051146385,1701.0
"(-7.75, -7.65]",0.9793253536452665,1.632208922742111,97.38846572361263,1838.0
"(-7.65, -7.55]",1.2182203389830508,1.430084745762712,97.35169491525424,1888.0
"(-7.55, -7.45]",1.4306857424765662,2.0720276270350273,96.4972866304884,2027.0
"(-7.45, -7.35]",1.2956964368347987,2.2211938917167977,96.4831096714484,2161.0
"(-7.35, -7.25]",1.2792236435818263,2.514336127040141,96.20644022937803,2267.0
"(-7.25, -7.15]",1.5866209262435675,1.6295025728987993,96.78387650085763,2332.0
"(-7.15, -7.05]",1.759640584050917,1.8719580681392738,96.36840134780981,2671.0
"(-7.05, -6.95]",1.8982808022922637,2.005730659025788,96.09598853868195,2792.0
"(-6.95, -6.85]",1.6927083333333333,1.953125,96.35416666666666,3072.0
"(-6.85, -6.75]",1.7241379310344827,1.5701970443349755,96.70566502463053,3248.0
"(-6.75, -6.65]",1.855287569573284,2.0938245428041347,96.05088788762258,3773.0
"(-6.65, -6.55]",2.0242914979757085,1.9989878542510122,95.97672064777328,3952.0
"(-6.55, -6.45]",1.7586123825584197,2.7945073476270776,95.4468802698145,4151.0
"(-6.45, -6.35]",1.8266978922716628,3.3723653395784545,94.80093676814988,4270.0
"(-6.35, -6.25]",1.5888072089162912,2.5136352857481623,95.89755750533556,4217.0
"(-6.25, -6.15]",1.2108750285583734,2.6502170436371943,96.13890792780442,4377.0
"(-6.15, -6.05]",1.8318252041491945,2.4718605164422867,95.69631427940853,4531.0
"(-6.05, -5.95]",1.9427402862985685,2.2903885480572597,95.76687116564418,4890.0
"(-5.95, -5.85]",1.8371688261458134,3.2682266486172886,94.8946045252369,5171.0
"(-5.85, -5.75]",2.020573108008817,3.2880235121234382,94.69140337986775,5444.0
"(-5.75, -5.65]",2.0159323687205335,3.1864737441066495,94.79759388717281,6151.0
"(-5.65, -5.55]",2.380952380952381,3.3640552995391704,94.25499231950845,6510.0
"(-5.55, -5.45]",2.185163887291547,3.8096607245543415,94.00517538815411,6956.0
"(-5.45, -5.35]",2.0699500356887937,4.054246966452534,93.87580299785867,7005.0
"(-5.35, -5.25]",2.434135166093929,3.8516609392898054,93.71420389461626,6984.0
"(-5.25, -5.15]",2.807411566535654,4.1830432341381245,93.00954519932623,7124.0
"(-5.15, -5.05]",2.3022751895991336,4.780606717226435,92.91711809317444,7384.0
"(-5.05, -4.95]",2.6049000281610812,5.012672486623487,92.38242748521543,7102.0
"(-4.95, -4.85]",2.689625729329728,4.881172619894692,92.42920165077558,7027.0
"(-4.85, -4.75]",2.8600028600028597,5.591305591305591,91.54869154869155,6993.0
"(-4.75, -4.65]",2.9377375036539024,6.825489622917276,90.23677287342882,6842.0
"(-4.65, -4.55]",3.000287108814241,6.2015503875969,90.79816250358887,6966.0
"(-4.55, -4.45]",3.42711762945226,6.85423525890452,89.71864711164322,6682.0
"(-4.45, -4.35]",3.766478342749529,7.330146313197162,88.90337534405332,6903.0
"(-4.35, -4.25]",4.185692541856925,7.488584474885844,88.32572298325722,6570.0
"(-4.25, -4.15]",4.342313787638669,7.464342313787639,88.1933438985737,6310.0
"(-4.15, -4.05]",4.530386740331491,8.697711128650356,86.77190213101815,6335.0
"(-4.05, -3.95]",4.908180300500835,9.148580968280468,85.9432387312187,5990.0
"(-3.95, -3.85]",4.6929518492672715,9.717376133984649,85.58967201674808,5732.0
"(-3.85, -3.75]",4.999104103207311,9.872782655438094,85.1281132413546,5581.0
"(-3.75, -3.65]",5.436928045935762,10.586757581195046,83.97631437286918,5573.0
"(-3.65, -3.55]",5.291970802919708,11.441605839416058,83.26642335766424,5480.0
"(-3.55, -3.45]",5.58897729477974,11.17795458955948,83.23306811566079,5153.0
"(-3.45, -3.35]",5.226904376012966,12.540518638573744,82.23257698541329,4936.0
"(-3.35, -3.25]",5.282870096589789,13.049477626650896,81.66765227675931,5073.0
"(-3.25, -3.15]",5.838079739625712,13.934092758340114,80.22782750203417,4916.0
"(-3.15, -3.05]",5.801335559265442,13.27212020033389,80.92654424040066,4792.0
"(-3.05, -2.95]",5.490704712494596,15.067012537829658,79.44228274967574,4626.0
"(-2.95, -2.85]",6.674364896073904,15.889145496535798,77.4364896073903,4330.0
"(-2.85, -2.75]",7.121034077555817,15.793184488836662,77.08578143360752,4255.0
"(-2.75, -2.65]",7.208514755684567,18.384131591678763,74.40735365263667,4134.0
"(-2.65, -2.55]",8.241353936718175,17.978906058376257,73.77974000490556,4077.0
"(-2.55, -2.45]",8.316880552813426,18.731490621915103,72.95162882527147,4052.0
"(-2.45, -2.35]",8.66769547325103,19.830246913580247,71.50205761316872,3888.0
"(-2.35, -2.25]",9.283819628647215,20.53050397877984,70.18567639257294,3770.0
"(-2.25, -2.15]",9.058855438025496,20.748576078112286,70.19256848386222,3687.0
"(-2.15, -2.05]",9.409492273730685,23.923841059602648,66.66666666666666,3624.0
"(-2.05, -1.95]",9.095982142857142,22.795758928571427,68.10825892857143,3584.0
"(-1.95, -1.85]",9.31712962962963,23.640046296296298,67.04282407407408,3456.0
"(-1.85, -1.75]",9.545983701979045,24.272409778812573,66.18160651920839,3436.0
"(-1.75, -1.65]",10.167499265354099,23.920070526006466,65.91243020863944,3403.0
"(-1.65, -1.55]",10.1034692635423,23.98052343274498,65.91600730371272,3286.0
"(-1.55, -1.45]",10.080645161290322,27.07816377171216,62.84119106699752,3224.0
"(-1.45, -1.35]",10.967935271201679,27.659574468085108,61.37249026071322,3337.0
"(-1.35, -1.25]",10.828597068501345,29.045767274902783,60.125635656595875,3343.0
"(-1.25, -1.15]",11.278648974668275,31.30277442702051,57.41857659831122,3316.0
"(-1.15, -1.05]",11.05964099594673,31.76027793862189,57.18008106543139,3454.0
"(-1.05, -0.95]",12.23548562126967,32.772653282691266,54.99186109603906,3686.0
"(-0.95, -0.85]",11.181102362204724,33.202099737532805,55.61679790026247,3810.0
"(-0.85, -0.75]",11.917631917631917,33.178893178893176,54.9034749034749,3885.0
"(-0.75, -0.65]",12.021490933512425,36.668905305574214,51.30960376091337,4467.0
"(-0.65, -0.55]",12.004684755026352,38.21979308998634,49.775522154987314,5123.0
"(-0.55, -0.45]",10.319446489032828,43.41233622847048,46.268217282496686,6793.0
"(-0.45, -0.35]",9.909543652810244,46.28519158451062,43.80526476267914,9839.0
"(-0.35, -0.25]",10.085948691235838,49.47909884099492,40.43495246776924,15358.0
"(-0.25, -0.15]",9.494763494072966,54.544059538880575,35.96117696704646,26067.0
"(-0.15, -0.05]",9.846660752756305,61.629704726904066,28.523634520339623,39455.0
"(-0.05, 0.05]",14.60349954148411,70.53826986670619,14.8582305918097,215914.0
"(0.05, 0.15]",27.545386983756238,62.16424248858689,10.290370527656863,37676.0
"(0.15, 0.25]",34.7188995215311,54.857313738892685,10.423786739576213,23408.0
"(0.25, 0.35]",37.45875745875746,52.08845208845209,10.452790452790452,14245.0
"(0.35, 0.45]",40.813326800587944,49.61293483586478,9.573738363547282,10205.0
"(0.45, 0.55]",45.33333333333333,43.48070175438596,11.185964912280703,7125.0
"(0.55, 0.65]",47.70248524941892,40.80100125156446,11.496513499016627,5593.0
"(0.65, 0.75]",51.62585307105581,36.9731031714171,11.401043757527098,4982.0
"(0.75, 0.85]",52.53262552532626,36.894492368944924,10.572882105728821,4521.0
"(0.85, 0.95]",53.847953216374265,35.43859649122807,10.713450292397662,4275.0
"(0.95, 1.05]",57.01860352742209,32.640734476926795,10.340661995651123,4139.0
"(1.05, 1.15]",56.33552965027876,32.69133299543842,10.973137354282818,3946.0
"(1.15, 1.25]",57.49545336451026,32.47596778383996,10.02857885164978,3849.0
"(1.25, 1.35]",57.36842105263158,30.92105263157895,11.710526315789474,3800.0
"(1.35, 1.45]",60.689093868692346,28.947368421052634,10.363537710255018,3686.0
"(1.45, 1.55]",61.345939933259174,28.225806451612907,10.42825361512792,3596.0
"(1.55, 1.65]",61.90978633605909,28.462147190714848,9.628066473226061,3791.0
"(1.65, 1.75]",61.636896827512665,29.03225806451613,9.330845107971207,3751.0
"(1.75, 1.85]",62.79191813172395,27.683022828653897,9.525059039622146,3811.0
"(1.85, 1.95]",65.00773594636411,25.63176895306859,9.360495100567302,3878.0
"(1.95, 2.05]",66.37803067788224,24.344383968332508,9.277585353785254,4042.0
"(2.05, 2.15]",69.4683908045977,22.24616858237548,8.28544061302682,4176.0
"(2.15, 2.25]",68.79904875148632,22.85374554102259,8.347205707491081,4205.0
"(2.25, 2.35]",70.69243156199678,21.210029905682077,8.097538532321142,4347.0
"(2.35, 2.45]",71.63284132841329,20.29520295202952,8.071955719557195,4336.0
"(2.45, 2.55]",72.61446298673513,19.6405648267009,7.744972186563971,4674.0
"(2.55, 2.65]",73.23943661971832,19.003573680891318,7.756989699390372,4757.0
"(2.65, 2.75]",73.60880398671097,19.227574750830563,7.163621262458472,4816.0
"(2.75, 2.85]",75.23009203681472,17.98719487795118,6.782713085234093,4998.0
"(2.85, 2.95]",76.30908021180623,16.336536575799176,7.354383212394587,5099.0
"(2.95, 3.05]",77.5875486381323,16.32295719844358,6.089494163424124,5140.0
"(3.05, 3.15]",78.73422490111132,15.294782444904879,5.970992653983801,5309.0
"(3.15, 3.25]",78.9416257501364,14.675395526459356,6.382978723404255,5499.0
"(3.25, 3.35]",79.68610665239879,14.30354913500981,6.010344212591404,5607.0
"(3.35, 3.45]",81.12775330396475,12.845814977973568,6.026431718061674,5675.0
"(3.45, 3.55]",81.34886146358423,12.775942986268035,5.875195550147749,5753.0
"(3.55, 3.65]",83.66077275703995,11.42763588736084,4.911591355599214,6108.0
"(3.65, 3.75]",83.46520264815113,11.157758759890198,5.377038591958663,6193.0
"(3.75, 3.85]",84.30479183032207,10.479183032207384,5.216025137470542,6365.0
"(3.85, 3.95]",85.0805226374962,10.17927681555758,4.740200546946217,6582.0
"(3.95, 4.05]",85.67599761762953,9.64860035735557,4.67540202501489,6716.0
"(4.05, 4.15]",86.9032165007933,9.014856483484783,4.081927015721909,6933.0
"(4.15, 4.25]",87.44244453746337,8.469373517510812,4.088181945025813,7167.0
"(4.25, 4.35]",88.433242506812,7.643051771117166,3.923705722070845,7340.0
"(4.35, 4.45]",88.35516739446871,7.9661241233293625,3.678708482201932,7557.0
"(4.45, 4.55]",89.45552147239265,7.259713701431493,3.284764826175869,7824.0
"(4.55, 4.65]",90.17709262326412,6.191871575996942,3.631035800738948,7849.0
"(4.65, 4.75]",91.1119661408234,5.745799666538412,3.1422341926381945,7797.0
"(4.75, 4.85]",91.19177403369673,5.7482656095143705,3.0599603567889,8072.0
"(4.85, 4.95]",91.69571713147411,5.515438247011952,2.788844621513944,8032.0
"(4.95, 5.05]",91.6846241602231,5.273165166687793,3.0422106730891114,7889.0
"(5.05, 5.15]",92.75919518134052,4.63924131744201,2.6015635012174805,7803.0
"(5.15, 5.25]",92.53915402639043,4.821802935010482,2.6390430385990875,8109.0
"(5.25, 5.35]",93.16140620990505,4.323838850397742,2.514754939697203,7794.0
"(5.35, 5.45]",93.53397292679722,4.258115389670127,2.2079116835326587,7609.0
"(5.45, 5.55]",93.39189189189189,4.216216216216216,2.3918918918918917,7400.0
"(5.55, 5.65]",94.11274645931685,3.9850041655095807,1.902249375173563,7202.0
"(5.65, 5.75]",94.0018176310209,4.119963647379582,1.8782187215995154,6602.0
"(5.75, 5.85]",94.61421576903597,3.2922505487084246,2.0935336822556136,5923.0
"(5.85, 5.95]",94.62564862861379,2.9836916234247592,2.390659747961453,5396.0
"(5.95, 6.05]",94.8309366498251,2.9926156237854644,2.1764477263894286,5146.0
"(6.05, 6.15]",95.72107765451663,2.555467511885895,1.7234548335974642,5048.0
"(6.15, 6.25]",94.82220835932627,2.9735911831981703,2.204200457475567,4809.0
"(6.25, 6.35]",95.39987339101076,2.7853977632411904,1.8147288457480482,4739.0
"(6.35, 6.45]",94.37285223367698,3.7156357388316152,1.911512027491409,4656.0
"(6.45, 6.55]",96.0060777078359,2.40937703494682,1.584545257217278,4607.0
"(6.55, 6.65]",95.63619660082682,2.1589343132751493,2.2048690858980247,4354.0
"(6.65, 6.75]",96.20152993932999,2.1893959377472965,1.6090741229227115,3791.0
"(6.75, 6.85]",95.97826086956522,2.119565217391304,1.9021739130434785,3680.0
"(6.85, 6.95]",95.81714968628623,2.1810576635793244,2.001792650134449,3347.0
"(6.95, 7.05]",96.18616677440207,1.9069166127989658,1.9069166127989658,3094.0
"(7.05, 7.15]",96.0839160839161,2.1678321678321675,1.7482517482517483,2860.0
"(7.15, 7.25]",96.31970260223048,2.2304832713754648,1.449814126394052,2690.0
"(7.25, 7.35]",96.5072765072765,1.995841995841996,1.496881496881497,2405.0
"(7.35, 7.45]",96.36443276390713,1.8396846254927726,1.7958826106000876,2283.0
"(7.45, 7.55]",96.88564476885645,1.8491484184914844,1.2652068126520681,2055.0
"(7.55, 7.65]",96.7927237912877,1.4839636189564385,1.723312589755864,2089.0
"(7.65, 7.75]",96.47119875454074,1.7644006227296314,1.7644006227296314,1927.0
"(7.75, 7.85]",96.56319290465632,1.8292682926829267,1.6075388026607538,1804.0
"(7.85, 7.95]",96.80789320951828,1.7991874637260592,1.3929193267556588,1723.0
"(7.95, 8.05]",96.92685925015365,1.6594960049170253,1.4136447449293177,1627.0
"(8.05, 8.15]",96.6299416720674,1.7498379779650033,1.6202203499675956,1543.0
"(8.15, 8.25]",97.22419928825623,2.2775800711743774,0.498220640569395,1405.0
"(8.25, 8.35]",96.25275532696547,1.9103600293901544,1.836884643644379,1361.0
"(8.35, 8.45]",96.17575264442635,2.5223759153783565,1.3018714401952807,1229.0
"(8.45, 8.55]",96.24765478424015,1.876172607879925,1.876172607879925,1066.0
"(8.55, 8.65]",95.9375,2.083333333333333,1.9791666666666665,960.0
"(8.65, 8.75]",97.73195876288659,1.3402061855670102,0.9278350515463918,970.0
"(8.75, 8.85]",97.66702014846236,0.8483563096500532,1.4846235418875928,943.0
"(8.85, 8.95]",96.52694610778443,1.6766467065868262,1.7964071856287425,835.0
"(8.95, 9.05]",96.7948717948718,1.5384615384615385,1.6666666666666667,780.0
"(9.05, 9.15]",97.78085991678225,1.248266296809986,0.9708737864077669,721.0
"(9.15, 9.25]",96.26168224299066,1.8691588785046727,1.8691588785046727,749.0
"(9.25, 9.35]",97.8978978978979,1.3513513513513513,0.7507507507507507,666.0
"(9.35, 9.45]",97.69938650306749,1.0736196319018405,1.2269938650306749,652.0
"(9.45, 9.55]",97.7491961414791,1.4469453376205788,0.8038585209003215,622.0
"(9.55, 9.65]",95.42372881355932,2.711864406779661,1.864406779661017,590.0
"(9.65, 9.75]",96.64310954063605,1.5901060070671376,1.76678445229682,566.0
"(9.75, 9.85]",97.09302325581395,2.3255813953488373,0.5813953488372093,516.0
"(9.85, 9.95]",97.93388429752066,1.2396694214876034,0.8264462809917356,484.0
"(9.95, 10.05]",97.62419006479482,1.511879049676026,0.8639308855291578,463.0
"(10.05, 10.15]",97.07112970711297,2.092050209205021,0.8368200836820083,478.0
"(10.15, 10.25]",95.9731543624161,2.684563758389262,1.342281879194631,447.0
"(10.25, 10.35]",96.7741935483871,2.3041474654377883,0.9216589861751152,434.0
"(10.35, 10.45]",96.3963963963964,2.027027027027027,1.5765765765765765,444.0
"(10.45, 10.55]",96.94835680751174,2.3474178403755865,0.7042253521126761,426.0
"(10.55, 10.65]",95.98997493734336,3.007518796992481,1.0025062656641603,399.0
"(10.65, 10.75]",97.50692520775624,1.9390581717451523,0.554016620498615,361.0
"(10.75, 10.85]",96.41791044776119,2.3880597014925375,1.1940298507462688,335.0
"(10.85, 10.95]",98.50746268656717,0.3731343283582089,1.1194029850746268,268.0
"(10.95, 11.05]",95.81993569131832,2.8938906752411575,1.2861736334405145,311.0
"(11.05, 11.15]",95.9731543624161,3.3557046979865772,0.6711409395973155,298.0
"(11.15, 11.25]",97.0954356846473,2.4896265560165975,0.4149377593360996,241.0
"(11.25, 11.35]",95.3307392996109,4.280155642023346,0.38910505836575876,257.0
"(11.35, 11.45]",94.0909090909091,3.6363636363636362,2.272727272727273,220.0
"(11.45, 11.55]",95.23809523809523,3.463203463203463,1.2987012987012987,231.0
"(11.55, 11.65]",97.38219895287958,1.5706806282722512,1.0471204188481675,191.0
"(11.65, 11.75]",95.34883720930233,2.7906976744186047,1.8604651162790697,215.0
"(11.75, 11.85]",99.45054945054946,0.0,0.5494505494505495,182.0
"(11.85, 11.95]",96.27906976744185,1.8604651162790697,1.8604651162790697,215.0
"(11.95, 12.05]",95.34883720930233,3.488372093023256,1.1627906976744187,172.0
"(12.05, 12.15]",99.31972789115646,0.0,0.6802721088435374,147.0
"(12.15, 12.25]",96.46464646464646,2.0202020202020203,1.5151515151515151,198.0
"(12.25, 12.35]",98.33333333333333,1.6666666666666667,0.0,180.0
"(12.35, 12.45]",97.71428571428571,2.2857142857142856,0.0,175.0
"(12.45, 12.55]",96.26865671641791,2.9850746268656714,0.7462686567164178,134.0
"(12.55, 12.65]",100.0,0.0,0.0,140.0
"(12.65, 12.75]",97.48427672955975,1.257861635220126,1.257861635220126,159.0
"(12.75, 12.85]",97.26027397260275,0.684931506849315,2.054794520547945,146.0
"(12.85, 12.95]",98.69281045751634,1.3071895424836601,0.0,153.0
"(12.95, 13.05]",96.21212121212122,3.0303030303030303,0.7575757575757576,132.0
"(13.05, 13.15]",99.0909090909091,0.9090909090909091,0.0,110.0
"(13.15, 13.25]",98.49624060150376,0.0,1.5037593984962405,133.0
"(13.25, 13.35]",99.2248062015504,0.7751937984496124,0.0,129.0
"(13.35, 13.45]",99.19402938890391,0.7866954843621331,0.01927512673395821,97.0
"(13.45, 13.55]",99.16325257625743,0.7981971702746539,0.03855025346791642,84.0
"(13.55, 13.65]",99.13247576361096,0.8096988561871747,0.05782538020187497,77.0
"(13.65, 13.75]",99.10169895096448,0.8212005420996955,0.07710050693583319,61.0
"(13.75, 13.85]",99.070922138318,0.8327022280122162,0.09637563366979139,59.0
"(13.85, 13.95]",99.04014532567152,0.8442039139247369,0.1156507604037496,55.0
"(13.95, 14.05]",99.00936851302504,0.8557055998372576,0.1349258871377078,53.0
"(14.05, 14.15]",98.97859170037856,0.8672072857497785,0.15420101387166638,45.0
"(14.15, 14.25]",98.94781488773208,0.8787089716622992,0.17347614060562458,41.0
"(14.25, 14.35]",98.9170380750856,0.8902106575748199,0.19275126733958278,55.0
"(14.35, 14.45]",98.88626126243912,0.9017123434873406,0.21202639407354099,24.0
"(14.45, 14.55]",98.85548444979264,0.9132140293998613,0.2313015208074992,38.0
"(14.55, 14.65]",98.82470763714616,0.9247157153123822,0.25057664754145775,37.0
"(14.65, 14.75]",98.79393082449968,0.9362174012249029,0.26985177427541596,48.0
"(14.75, 14.85]",98.7631540118532,0.9477190871374237,0.28912690100937416,35.0
"(14.85, 14.95]",98.73237719920672,0.9592207730499444,0.30840202774333236,32.0
"(14.95, 15.05]",98.70160038656024,0.970722458962465,0.32767715447729057,30.0
"(15.05, 15.15]",98.67082357391376,0.982224144874986,0.34695228121124916,28.0
"(15.15, 15.25]",98.64004676126729,0.9937258307875066,0.36622740794520736,26.0
"(15.25, 15.35]",98.6092699486208,1.0052275167000273,0.38550253467916556,16.0
"(15.35, 15.45]",98.57849313597433,1.016729202612548,0.40477766141312377,20.0
"(15.45, 15.55]",98.54771632332785,1.0282308885250688,0.42405278814708197,14.0
"(15.55, 15.65]",98.51693951068137,1.0397325744375898,0.44332791488104056,19.0
"(15.65, 15.75]",98.48616269803489,1.0512342603501104,0.46260304161499877,10.0
"(15.75, 15.85]",98.45538588538841,1.0627359462626311,0.48187816834895697,11.0
"(15.85, 15.95]",98.42460907274193,1.074237632175152,0.5011532950829152,16.0
"(15.95, 16.05]",98.39383226009545,1.0857393180876724,0.5204284218168733,7.0
"(16.05, 16.15]",98.36305544744897,1.0972410040001934,0.5397035485508319,7.0
"(16.15, 16.25]",98.33227863480249,1.108742689912714,0.5589786752847898,5.0
"(16.25, 16.35]",98.30150182215601,1.120244375825235,0.5782538020187483,6.0
"(16.35, 16.45]",98.27072500950953,1.1317460617377557,0.5975289287527069,10.0
"(16.45, 16.55]",98.23994819686305,1.1432477476502763,0.6168040554866647,6.0
"(16.55, 16.65]",98.20917138421657,1.1547494335627972,0.6360791822206233,4.0
"(16.65, 16.75]",98.17839457157011,1.1662511194753176,0.6553543089545811,5.0
"(16.75, 16.85]",98.14761775892363,1.1777528053878386,0.6746294356885397,2.0
"(16.85, 16.95]",98.11684094627714,1.1892544913003595,0.6939045624224983,2.0
"(16.95, 17.05]",98.08606413363067,1.20075617721288,0.7131796891564561,4.0
"(17.05, 17.15]",98.05528732098419,1.2122578631254008,0.7324548158904147,3.0
"(17.15, 17.25]",98.02451050833771,1.2237595490379214,0.7517299426243725,1.0
"(17.25, 17.35]",97.99373369569123,1.2352612349504424,0.7710050693583311,2.0
"(17.35, 17.45]",97.96295688304475,1.2467629208629631,0.7902801960922897,4.0
"(17.45, 17.55]",97.93218007039827,1.2582646067754837,0.8095553228262475,6.0
"(17.55, 17.65]",97.9014032577518,1.2697662926880047,0.8288304495602061,1.0
"(17.65, 17.75]",97.87062644510532,1.2812679786005252,0.8481055762941639,2.0
"(17.75, 17.85]",97.83984963245884,1.2927696645130462,0.8673807030281225,0.0
"(17.85, 17.95]",97.80907281981236,1.304271350425567,0.8866558297620811,1.0
"(17.95, 18.05]",97.77829600716588,1.3157730363380875,0.9059309564960389,1.0
"(18.05, 18.15]",97.7475191945194,1.3272747222506083,0.9252060832299975,0.0
"(18.15, 18.25]",97.71674238187292,1.3387764081631288,0.9444812099639553,0.0
"(18.25, 18.35]",97.68596556922644,1.3502780940756498,0.9637563366979139,0.0
"(18.35, 18.45]",97.65518875657996,1.3617797799881708,0.9830314634318724,1.0
"(18.45, 18.55]",97.62441194393348,1.3732814659006913,1.0023065901658303,0.0
"(18.55, 18.65]",97.593635131287,1.384783151813212,1.021581716899789,0.0
"(18.65, 18.75]",97.56285831864052,1.3962848377257326,1.0408568436337466,1.0
"(18.75, 18.85]",97.53208150599404,1.4077865236382534,1.0601319703677052,1.0
"(18.85, 18.95]",97.50130469334756,1.4192882095507744,1.0794070971016638,0.0
"(18.95, 19.05]",97.47052788070108,1.430789895463295,1.0986822238356218,1.0
"(19.05, 19.15]",97.4397510680546,1.442291581375816,1.1179573505695803,0.0
"(19.15, 19.25]",97.40897425540813,1.4537932672883365,1.137232477303538,0.0
"(19.25, 19.35]",97.37819744276165,1.4652949532008572,1.1565076040374966,2.0
"(19.35, 19.45]",97.34742063011517,1.4767966391133782,1.1757827307714552,0.0
"(19.45, 19.55]",97.31664381746869,1.4882983250258985,1.1950578575054132,0.0
"(19.55, 19.65]",97.28586700482221,1.4998000109384195,1.2143329842393717,1.0
"(19.65, 19.75]",97.25509019217573,1.51130169685094,1.2336081109733295,2.0
"(19.75, 19.85]",97.22431337952925,1.522803382763461,1.252883237707288,1.0
"(19.85, 19.95]",97.19353656688277,1.534305068675982,1.2721583644412466,0.0
"(19.95, 20.05]",97.16275975423629,1.5458067545885024,1.2914334911752046,25553.0
"(20.05, ∞)",98.07928075194116,1.71638741315897,0.2043318348998774,2447.0
